313.9095863 43.7947033
311.9572750 44.1913219
312.1315921 45.0201761
312.1718750 44.7757339
312.1944879 44.6975139
312.2493000 43.8360000
312.2815550 44.0408361
312.2901608 43.8484039
312.2958071 43.8366389
312.3037421 44.1942711
312.3080442 43.8404119
312.3673400 44.6660419
312.3790592 43.6989589
312.4018558 43.6354331
312.4282529 44.7445369
312.4611208 43.7150500
312.4697271 44.2229081
312.4709779 44.2609019
312.4946292 44.2127911
312.4974058 44.2690431
312.5392458 44.4479331
312.5471800 44.3390119
312.5489200 43.9666400
312.5767208 44.4366650
312.5784608 44.9223481
312.5907292 44.8503611
312.5966192 43.3161769
312.6013492 44.2225069
312.6140442 44.3318481
312.6164250 44.5355419
312.6235958 44.2973669
312.6343079 44.4188919
312.6444092 44.3739619
312.6459658 44.4204561
312.6478879 44.3698581
312.6539000 44.3613431
312.6585392 44.3124311
312.6709292 44.3022689
312.6891479 44.3636700
312.6913758 44.4128911
312.7028500 44.2543789
312.7068792 44.4114461
312.7097779 44.4111181
312.7100529 44.8365331
312.7221071 45.0159950
312.7238158 44.2662011
312.7241208 44.3215481
312.7285771 45.2658769
312.7489321 44.7163239
312.7496342 44.7198600
312.7603458 44.2144811
312.7665408 44.9867631
312.7668150 45.0200811
312.7700808 44.8616369
312.7724000 44.2563319
312.7784729 44.9783169
312.7851258 44.9524000
312.7883908 44.9334531
312.7885742 44.7909511
312.8035892 45.1696319
312.8247679 44.9839211
312.8260192 44.8431131
312.8304142 44.8410761
312.8382571 44.0535131
312.8388671 43.5862500
312.8454892 44.0748939
312.8476871 44.5869900
312.8750608 44.2545361
312.8947750 44.8237950
312.9139708 45.0963169
312.9255979 43.8543361
312.9321592 43.8107031
312.9456479 44.4451289
312.9523321 44.8847311
312.9754942 45.1051981
312.9796142 44.2561069
312.9812008 44.2898139
312.9855650 44.1372569
312.9888308 44.3466489
312.9942629 45.2424581
313.0013429 45.2322919
313.0334779 44.5013200
313.0572508 44.0242961
313.1773679 43.5286519
313.1790158 44.1838489
313.2244258 44.2340619
313.2640379 43.9331281
313.2716371 43.4370269
313.2983700 43.9831469
313.3533329 43.8646089
313.3753050 44.4267811
313.3775021 44.5804600
313.3784479 44.5006939
313.3789979 43.9491119
313.3944700 44.5463789
313.3987429 44.5474819
313.4021908 44.5757711
313.4059750 44.4938661
313.4128421 43.9009061
313.4181521 43.9682811
313.4303279 43.5711139
313.4328000 44.4731031
313.4558408 45.2435650
313.4950558 44.5093769
313.5048829 44.8874589
313.5205992 44.3289189
313.5415958 42.8770869
313.5968321 44.1543769
313.6146242 44.7959900
313.6314700 44.9095039
313.6320800 44.3474350
313.6372071 44.2177281
313.6395871 44.2359850
313.6415100 44.2408369
313.6522521 44.1505850
313.6659550 42.9055100
313.6677550 44.4025000
313.6788029 44.1753961
313.6905521 44.9166719
313.6913150 43.7425081
313.6947021 43.7104031
313.6980900 44.8141061
313.7290342 44.2186131
313.7320558 44.2166211
313.7436829 44.2329519
313.7450871 44.7319369
313.8225400 44.1696211
313.8259279 44.1405600
313.8390808 43.9658431
313.8411558 43.8222350
313.8550108 44.7769931
313.8557429 43.9971050
313.8638308 44.0326200
313.8669742 44.7911300
313.8680721 44.0270081
313.8702700 44.0133481
313.8711550 43.9871789
313.8803408 44.8041269
313.9290771 44.0939481
313.9301450 44.1285211
313.9352421 44.0773389
313.9494929 44.0481111
313.9544679 43.4816439
313.9628908 44.0107731
313.9958500 43.8142361
314.0015558 43.5531881
314.0272829 43.5720711
314.0280758 43.6239200
314.0288092 43.6417619
314.0347292 43.6150481
314.0419008 43.8846781
314.0543521 44.5774461
314.0618900 43.6419300
314.0708621 43.6478311
314.0780642 43.5735889
314.0982671 43.6279531
314.1006779 43.7379489
314.1134342 43.7590750
314.1456600 43.6377300
314.1559750 43.8868869
314.1628421 43.8986661
314.1803592 43.6564789
314.1847529 43.6243631
314.1858521 43.7503169
314.1869200 43.6552850
314.1918642 43.7225461
314.1929321 43.6880650
314.1936950 43.7550539
314.1945500 43.7081450
314.1956479 43.7433811
314.1979979 43.7188569
314.2010800 43.5644381
314.2012021 43.7231031
314.2034300 43.7498511
314.2034621 43.7535089
314.2037658 43.7642481
314.2045292 43.7228581
314.2090450 43.7770419
314.2103579 43.5613211
314.2127692 43.7348061
314.2154542 43.7655181
314.2164000 43.7943611
314.2179871 43.7606661
314.2219242 43.7346919
314.2221071 43.7289050
314.2236021 43.7870450
314.2241521 43.6305050
314.2245792 43.7655369
314.2248529 43.7414281
314.2257692 43.7445411
314.2271421 44.2204169
314.2273558 43.7919081
314.2280879 43.7234881
314.2342829 43.7362369
314.2352300 43.7205050
314.2355958 43.7135431
314.2377321 43.8035931
314.2435300 43.7198831
314.2501829 43.5537031
314.2544558 43.8020400
314.2583621 44.4907300
314.2592771 43.7084269
314.2665100 43.6298139
314.2701721 43.7363400
314.2717592 43.5749889
314.2745671 43.5659831
314.2765200 43.6845169
314.2805179 43.6180000
314.2814329 43.5906681
314.2832029 43.6909561
314.2873229 43.6280061
314.2929992 43.8239900
314.2937929 43.5324711
314.2957150 43.6348189
314.3032529 43.7010231
314.3047792 43.6939431
314.3276979 43.8117561
314.3309021 43.8730619
314.3363650 43.8139381
314.3432621 44.8526081
314.3743292 43.7893519
314.3798829 44.0437050
314.3928829 44.0940319
314.4125458 43.8691169
314.4396671 43.8896639
314.4450071 43.8407331
314.4473879 43.8902361
314.4488521 43.8777731
314.4561771 43.8775600
314.4664921 43.8970181
314.4674058 43.8974239
314.4784242 43.8925250
314.4801642 43.8961261
314.4801942 43.9001850
314.4849242 43.8609919
314.4883729 43.8911669
314.4933779 43.8911631
314.4939879 43.8947181
314.4986271 43.8989331
314.5046079 43.8286861
314.5246579 43.8971061
314.5247800 43.8753469
314.5312500 43.6646269
314.5362550 43.8347861
314.5363158 43.7920531
314.5476679 43.8826411
314.5487371 43.8960800
314.5568542 43.8196261
314.5575558 43.9007911
314.5683292 43.8891219
314.5687258 43.8339200
314.5692442 43.8101039
314.5699158 43.8932231
314.5711058 43.8878250
314.5711671 43.8714411
314.5712579 43.8511889
314.5725400 43.8156400
314.5736079 43.8919719
314.5765379 43.8897931
314.5771792 43.8139000
314.5842279 43.7832031
314.5894471 43.9597169
314.5965271 43.8208581
314.6014100 44.0288539
314.6142271 43.8834039
314.6414492 43.9100189
314.6866450 43.7208981
314.6910100 44.4771039
314.6929321 43.0366331
314.6956179 43.8644450
314.8797000 44.1891439
315.0108950 43.6094061
315.0961908 44.9101261
315.2187800 44.5270119
311.8396300 44.1736489
312.1088258 43.8612181
312.1155400 44.7736361
312.1300958 44.7736089
312.1375000 43.8553000
312.1518858 43.9667511
312.1934808 44.7555581
312.2112429 43.8304831
312.2264100 44.8971369
312.2729192 44.0592581
312.2772521 45.1719589
312.2990721 44.1932031
312.3268429 43.6677781
312.3937679 44.7285961
312.3960271 44.3220331
312.3975829 43.6691631
312.4747621 44.2173119
312.5328371 44.8286900
312.5343629 44.8304861
312.5485229 44.2022669
312.5852971 44.8347281
312.5913700 44.2185781
312.5939329 44.9056131
312.6020200 44.8504519
312.6154779 44.3914111
312.6271671 44.4223331
312.6484379 44.3041689
312.6661379 44.3761831
312.6668700 44.3168869
312.6784671 44.4302031
312.6825258 44.2801819
312.6825871 43.8065681
312.6838071 44.5667531
312.6867979 44.2885250
312.6994021 44.9860950
312.7048042 44.9565161
312.7066958 44.9086569
312.7423400 44.7071339
312.7500921 44.8640019
312.7508550 44.8746639
312.7589721 44.7443269
312.7612921 44.3130000
312.7813721 44.8537669
312.7818300 44.8002319
312.7864692 44.7947619
312.7869871 44.8868519
312.7934879 44.9765661
312.7956850 44.7941669
312.7965700 44.7310331
312.8031308 44.9702639
312.8218992 44.9107131
312.8241879 44.7660139
312.8423458 44.8373031
312.8441158 44.4210089
312.8454292 44.8299219
312.8506471 44.2990489
312.8517150 44.2178611
312.8523871 44.8253519
312.8576958 45.0132219
312.8592829 44.0899431
312.8674321 45.0868339
312.8729550 44.3672519
312.8807679 45.0980381
312.8823242 45.0676761
312.9382021 43.8173331
312.9481808 44.4195589
312.9704292 44.2659611
312.9883421 44.0377500
312.9943242 44.2491000
312.9945679 44.5075869
313.0041500 44.4781911
313.0065000 44.3383639
313.0144958 45.2905119
313.0303342 44.9800381
313.0505979 43.9085500
313.0620421 44.3441050
313.0630492 44.2893831
313.0766600 44.4172211
313.0861821 43.8461189
313.1024471 44.3986469
313.1086729 44.0732039
313.1168521 44.0586661
313.1197208 45.1361961
313.1200258 44.0715411
313.1284792 44.4897000
313.1348571 44.3130881
313.1510008 44.1783450
313.1628421 44.6849900
313.1758121 44.5700450
313.1761779 43.2317619
313.1922608 44.4160419
313.1990971 44.3252261
313.2009279 44.5884169
313.2054142 44.6331861
313.2239692 44.2491381
313.2531742 44.8292961
313.2755742 44.4027711
313.2981258 44.0527311
313.3086850 44.8616789
313.3624571 44.4409481
313.3768921 44.4454500
313.3863521 44.8199389
313.3886721 44.5756300
313.3930050 44.1279219
313.3937379 44.3026281
313.4006958 44.2064400
313.4076229 44.4057039
313.4195858 44.6465911
313.4281621 43.9668619
313.4588929 44.8128131
313.4631958 44.5037650
313.4732971 44.3550189
313.4776608 43.8724289
313.4896542 43.9465219
313.5001221 44.3260881
313.5046079 44.4918589
313.5054021 44.3144150
313.5123292 44.3386381
313.5160521 44.0299189
313.5277708 44.4702639
313.5343929 44.6709561
313.5468142 44.9527550
313.6032721 44.8000950
313.6048579 44.2592619
313.6140142 44.2127569
313.6165158 44.4179569
313.6221008 44.1891331
313.6240229 44.9081419
313.6791992 44.3266561
313.6882629 43.8909300
313.6954650 44.8054500
313.7083129 44.3657269
313.7299500 44.2345161
313.7558292 43.6428639
313.7625729 44.1811100
313.7629700 44.0019869
313.7650450 44.3545989
313.7934571 43.7204700
313.8102421 43.8873331
313.8224792 44.1512111
313.8490292 44.0389519
313.8540042 43.9944500
313.8578800 44.7798231
313.8700258 44.2017139
313.8780521 44.1305269
313.8925779 43.7502750
313.8959658 43.6644139
313.9079592 44.9223211
313.9080508 44.1182789
313.9151000 43.4563100
313.9215092 43.6833689
313.9243471 43.9930081
313.9338071 44.2057531
313.9354250 44.0862431
313.9396671 43.0668139
313.9477542 43.4791031
313.9503479 43.8433989
313.9667971 43.5541231
313.9676508 43.5491711
314.0061650 43.5954739
314.0103150 43.7757869
314.0144350 43.6083869
314.0222171 43.7974511
314.0230708 43.6028250
314.0457458 43.6192400
314.0482179 43.6120450
314.0515750 44.2384150
314.0603329 43.6337550
314.0689092 43.5994950
314.0785221 43.6545789
314.0811771 43.6437339
314.1081850 43.6551481
314.1493221 43.8869700
314.1536858 43.6408811
314.1647029 43.7393039
314.1672058 44.0238761
314.1691592 43.6408500
314.1896058 43.7810250
314.1921079 43.5836750
314.1958008 43.7583689
314.1958308 44.7321589
314.1994021 43.5877761
314.2014771 43.5565300
314.2019650 43.5610081
314.2058100 43.8077089
314.2059629 43.7579581
314.2069400 43.5563389
314.2084350 43.7707289
314.2116392 45.0880089
314.2142329 43.7755511
314.2154850 43.7672689
314.2163392 43.5587811
314.2204892 43.6401900
314.2307129 43.7601661
314.2326050 43.7930411
314.2451779 43.7786600
314.2460629 43.7181619
314.2474671 43.7749481
314.2491758 43.7572439
314.2521671 43.7584800
314.2528992 43.7363589
314.2538150 43.7164800
314.2567750 43.7236900
314.2576600 43.7940250
314.2589421 43.5753519
314.2611079 43.8046911
314.2630921 43.6560169
314.2638858 43.6957661
314.2640379 43.5794981
314.2643742 43.6723750
314.2658392 43.8069500
314.2671200 43.5678369
314.2688600 43.8147700
314.2714229 43.7911069
314.2731321 43.6791189
314.2738650 43.7976419
314.2742000 43.8108711
314.2744450 43.8195989
314.2789308 43.8572839
314.2872621 43.8173289
314.2929692 43.6856919
314.2956242 43.8629419
314.2959900 43.6853561
314.2971800 43.8071819
314.2987671 43.8012389
314.3020629 43.6824111
314.3033750 43.8201331
314.3040771 43.7787700
314.3043208 43.7885819
314.3106379 43.8215711
314.3131708 43.6428261
314.3175658 43.8014181
314.3234558 43.8081781
314.3271479 43.7887231
314.3301700 43.8148039
314.3387150 43.8060569
314.3397521 43.9845581
314.3510442 43.6842269
314.3557429 43.7857469
314.3726808 43.7977939
314.4228821 43.7829931
314.4287421 43.7105450
314.4409179 43.7338069
314.4621279 43.8129161
314.4621892 43.8445211
314.4670108 43.8531719
314.4733579 43.8684081
314.4809571 44.0902711
314.4887392 43.8556289
314.5056758 43.7557181
314.5078429 43.8971139
314.5127871 43.8467181
314.5317992 43.8814769
314.5448908 43.8858219
314.5542300 43.8885189
314.5547179 43.8324200
314.5562129 43.8268619
314.5719908 43.8364219
314.5731808 44.0203589
314.5834658 43.8478550
314.5991821 43.8563189
314.6012879 43.8241119
314.6450808 43.9143561
314.6655579 44.0257989
314.7268679 43.1333050
314.8412779 45.0104069
314.9741208 43.7185861
315.0532229 45.2262919
315.1136171 44.7070269
315.1567992 45.2564539
315.1615292 44.2709769
315.1618650 44.2649161
311.9346008 44.4272311
311.9929500 44.3499981
312.0148929 44.0914650
312.0895392 44.6874850
312.1057742 44.3851511
312.1199950 44.4032131
312.1240542 43.8593481
312.1303408 43.8429150
312.1368708 44.1998711
312.1415100 44.3746300
312.1477358 43.8870161
312.1665958 44.8513950
312.1681521 43.8567431
312.1986692 44.6361889
312.2092900 44.6604800
312.2153321 43.8503839
312.2408142 43.8319319
312.2490542 44.6910361
312.2501529 43.8548969
312.2550658 44.5770261
312.2555242 45.1132739
312.2567142 43.9593350
312.2689208 45.1040381
312.2967829 43.8466761
312.2991029 44.2091600
312.3014529 44.1207469
312.3170471 43.8277931
312.3249821 44.0933719
312.3345950 44.5871089
312.3468321 44.5769919
312.3531492 44.5893519
312.3733521 44.0129739
312.3840942 44.2842289
312.4024050 44.2326200
312.4245600 43.9835550
312.4296571 44.5051461
312.4324042 44.7224581
312.4374700 44.7283100
312.4417421 44.7016450
312.4616392 44.2093511
312.4769292 44.2888031
312.5195308 44.9863889
312.5393679 43.9676319
312.5412600 44.2558750
312.5465392 44.9707150
312.5688171 44.4212489
312.5903021 44.4068489
312.5934450 44.3215481
312.6023871 44.9209211
312.6218258 44.8975219
312.6347050 44.4381869
312.6377558 44.2607500
312.6460571 44.4415861
312.6542658 44.3068200
312.6556700 44.3480381
312.6560358 44.3544619
312.6567079 44.8833811
312.6575621 44.2960281
312.6679079 44.5136261
312.6686100 44.3393400
312.6689150 44.3474389
312.6704408 44.0038639
312.6813350 44.2643850
312.6873471 44.3496511
312.6873779 44.2654611
312.6896358 43.7448039
312.6906429 44.9199219
312.6919558 44.3194919
312.6978458 44.7311061
312.6988521 45.0110361
312.7023321 44.2842481
312.7024229 44.3512650
312.7029108 44.3481369
312.7033692 44.3231769
312.7055050 44.8995361
312.7154542 44.3460689
312.7190858 44.2789269
312.7215579 44.3982431
312.7232358 44.3502039
312.7234500 44.4084431
312.7241521 44.3551519
312.7270200 43.7733269
312.7318108 44.2972450
312.7340392 44.3059919
312.7389829 44.8069039
312.7406921 44.7190439
312.7430121 44.2423861
312.7445679 44.2918931
312.7458500 44.3317719
312.7465208 44.7336200
312.7478942 44.3274839
312.7489008 44.6803319
312.7537842 44.5305139
312.7565308 44.2616500
312.7581792 44.5092661
312.7590029 44.3358500
312.7628171 44.4007339
312.7637629 44.2444300
312.7639458 44.4042781
312.7651058 44.7329331
312.7693792 44.3972469
312.7727358 44.2331119
312.7731929 44.7975119
312.7737729 44.2755511
312.7771000 44.8072850
312.7802429 44.8952450
312.7836000 44.5306781
312.7856442 44.4091831
312.7895508 44.5582281
312.7906192 44.8570139
312.7956242 44.6122661
312.8004150 44.3131869
312.8059692 44.4383931
312.8070679 44.5395811
312.8092042 44.6090131
312.8106692 44.2271581
312.8131100 44.3048481
312.8151250 44.2486300
312.8187871 44.3827481
312.8201600 44.9200131
312.8202508 44.3411519
312.8238221 44.3082311
312.8259279 44.2189900
312.8309629 44.3251419
312.8327029 44.3850631
312.8374629 44.4387889
312.8397221 43.6098139
312.8435058 44.3462181
312.8444821 44.3521231
312.8450621 44.5618169
312.8461300 44.4460719
312.8483279 44.2618181
312.8486329 44.5896069
312.8500979 44.5491561
312.8529358 44.3051531
312.8536992 43.6192469
312.8573000 44.2392119
312.8601679 43.8868261
312.8605042 44.6079789
312.8611758 44.0734789
312.8624571 44.2209011
312.8637392 44.4373211
312.8685000 44.4335861
312.8689879 44.2279131
312.8690800 44.2626189
312.8752142 44.2086750
312.8758242 44.8952681
312.8766171 44.8249281
312.8773800 44.0624731
312.8787542 44.1164700
312.8828742 44.0482831
312.8835750 44.5326689
312.8843379 44.8426250
312.8866579 44.3966639
312.8880000 44.6165661
312.8890992 44.4436300
312.8891600 44.5892261
312.8891600 44.5817989
312.8894042 45.0901339
312.8903808 44.1707000
312.9080808 43.3846589
312.9097900 43.9537889
312.9110408 44.0613139
312.9136050 44.4077839
312.9164121 44.5539211
312.9196471 43.2205539
312.9198608 44.2275200
312.9225771 44.2519869
312.9245908 44.2689669
312.9254758 44.6490331
312.9287421 44.1251639
312.9416500 44.4764369
312.9449158 43.4197500
312.9456179 44.5543250
312.9523321 44.0887639
312.9531250 44.3946761
312.9535829 44.1840711
312.9578858 44.3148919
312.9596558 44.0806500
312.9678042 44.3058739
312.9708558 44.3966250
312.9725950 44.8754619
312.9731750 43.8253331
312.9765929 44.8765639
312.9821171 44.5646250
312.9836121 44.0867811
312.9919129 44.0725361
312.9966742 44.4288411
312.9974979 44.2728350
313.0006708 44.3330081
313.0042108 44.1452289
313.0084229 43.4536250
313.0111079 44.4579739
313.0122679 44.2310600
313.0152279 44.4772611
313.0222171 44.4796331
313.0237729 43.0096931
313.0250242 44.0997119
313.0252379 44.2878189
313.0267329 44.5292319
313.0279242 44.4653319
313.0281371 44.5653081
313.0293271 43.4867669
313.0349729 44.4162669
313.0357671 44.5708661
313.0372308 44.3651311
313.0392758 43.3368489
313.0458071 44.1361731
313.0538329 44.3481639
313.0566100 43.6774831
313.0599358 44.4865300
313.0616758 43.9962581
313.0630492 43.5020750
313.0643921 44.4696689
313.0739142 44.6840939
313.0765079 44.3870811
313.0767521 44.2751119
313.0769350 44.0874711
313.0820621 44.4136431
313.0825192 44.3889919
313.0843808 44.5085831
313.0845950 43.9785500
313.0860900 44.4831731
313.0913392 44.1888350
313.0939029 44.2333031
313.0953371 44.4503981
313.0969542 43.0823100
313.1000979 44.5320319
313.1001592 44.5790219
313.1004942 44.4048311
313.1057429 44.2422639
313.1075742 44.7464331
313.1112979 44.4423600
313.1115108 44.2850800
313.1123658 44.0690311
313.1133121 44.0775339
313.1180421 44.3540839
313.1199650 44.3082311
313.1225279 44.2889789
313.1240842 44.3512611
313.1287229 44.3364939
313.1336058 43.5718961
313.1374208 44.6816519
313.1385500 44.5279119
313.1399542 44.3460961
313.1408392 44.4073411
313.1431579 44.2945211
313.1433721 44.6401861
313.1450192 44.9721831
313.1470950 44.5553739
313.1475221 44.6228219
313.1497192 43.6671869
313.1518858 44.1962050
313.1556092 43.3922811
313.1612242 44.1877750
313.1626279 43.4182089
313.1631171 44.4623950
313.1645808 43.9984239
313.1660158 44.0966489
313.1665342 44.3952139
313.1675108 44.4124639
313.1723021 44.2367400
313.1734621 44.1310769
313.1743471 44.4485739
313.1784358 44.3195839
313.1813350 44.3740850
313.1838071 44.6500169
313.1848750 44.6391031
313.1898800 44.7458231
313.1925350 44.5295369
313.1950679 44.0418700
313.1978758 44.2615811
313.2028200 44.3306919
313.2066042 44.7014919
313.2075500 44.3172231
313.2162171 44.4289319
313.2186892 44.2402650
313.2212521 44.5695761
313.2217708 44.6715469
313.2226558 44.3267631
313.2228092 44.4789389
313.2262571 43.8712081
313.2262879 44.6892389
313.2361142 44.4967381
313.2372129 44.4335019
313.2388000 44.6795350
313.2392271 44.4820100
313.2402650 44.4060939
313.2451171 44.4781689
313.2486879 44.4675789
313.2572942 44.1905589
313.2575071 44.3182600
313.2597658 44.0129400
313.2608029 44.4606861
313.2624208 45.0813061
313.2628171 44.6200681
313.2637021 44.6635819
313.2698058 45.0366900
313.2714542 44.3391461
313.2719729 44.6984250
313.2738950 44.7102281
313.2747192 44.2607461
313.2763979 44.0445289
313.2840879 44.0872539
313.2876279 44.5030019
313.2929079 44.3635181
313.2963871 44.3965450
313.2993771 44.2578239
313.3011171 43.6413311
313.3021242 44.5185739
313.3025508 44.4788669
313.3036500 44.1255261
313.3065192 44.3768231
313.3083500 44.2160611
313.3098150 44.0109289
313.3103329 44.4798389
313.3106079 44.4850961
313.3107908 44.4343831
313.3131708 44.6467511
313.3151250 43.7396769
313.3186650 45.2697750
313.3188779 44.4926869
313.3212279 44.6428369
313.3228758 44.4672619
313.3238221 44.0513531
313.3287958 44.2439919
313.3356321 43.8362469
313.3492129 45.1132811
313.3497921 43.9050061
313.3498529 44.3659819
313.3503108 44.3950081
313.3525392 44.0418050
313.3542179 44.2124481
313.3558958 44.6560169
313.3575442 44.7001189
313.3590092 44.4734731
313.3627008 44.9722019
313.3642271 44.6871531
313.3655700 44.1762661
313.3661192 44.6715281
313.3736879 44.3990361
313.3795779 44.3907511
313.3803408 44.3191339
313.3807679 44.2262611
313.3811650 44.2127269
313.3831479 44.1630550
313.3886108 44.3912811
313.3891300 44.5700231
313.3920900 44.3382489
313.3948979 44.4882581
313.3967900 44.2813069
313.3977358 44.4633481
313.3983150 44.4564969
313.3989258 44.1545139
313.4011542 44.2739411
313.4021000 44.8870811
313.4028321 44.7163119
313.4103092 44.4801031
313.4113158 43.9408489
313.4132079 44.2270350
313.4172358 44.1793589
313.4242250 44.4508250
313.4243771 44.1451419
313.4279779 44.0635150
313.4285892 44.3609281
313.4301150 44.4602239
313.4309079 44.3868561
313.4336850 43.5745889
313.4338992 44.4589161
313.4377750 44.4216769
313.4388121 44.1596639
313.4433592 44.4541131
313.4676208 45.2038989
313.4780579 44.3283539
313.4792479 44.6866189
313.4823000 42.7585750
313.4838871 44.1872369
313.4871521 44.8588789
313.4919742 44.3154789
313.4926758 44.4294011
313.4986271 44.7471689
313.5119929 44.2715450
313.5164179 43.2363050
313.5220950 44.6081389
313.5243529 44.7220761
313.5364992 44.5031889
313.5412292 44.5551950
313.5414729 44.1668239
313.5446779 44.5458411
313.5453192 44.1967961
313.5483700 44.4989050
313.5504150 44.2561950
313.5572508 44.4090161
313.5631100 44.1314281
313.5655521 44.4666519
313.5669250 44.4028619
313.5669558 43.4416239
313.5907592 44.3474119
313.5937800 44.6214261
313.6014708 44.9137461
313.6017150 44.8048331
313.6048892 44.2188000
313.6076958 43.6195450
313.6098329 44.3909719
313.6119692 44.2259481
313.6120600 44.7980769
313.6230771 44.7575489
313.6282650 44.6031419
313.6293642 44.6303181
313.6390992 44.1499600
313.6655579 44.1645239
313.6657100 43.8709981
313.6666558 43.4988711
313.6670529 43.7269781
313.6708071 44.3651469
313.6846921 44.2528111
313.6894842 43.5590439
313.6900021 44.5269969
313.6942442 44.2016069
313.7008358 44.5639381
313.7015992 44.0041500
313.7091371 44.6610831
313.7132571 44.1929850
313.7135621 44.5414431
313.7263492 44.7286111
313.7297971 44.7418481
313.7372129 44.6567231
313.7389529 44.9651569
313.7437442 44.8856469
313.7523800 44.1763989
313.7665408 44.7406461
313.7689821 44.5965119
313.8377692 43.8722381
313.8396608 44.0077400
313.8709721 44.3736569
313.8827821 44.7834969
313.8848571 43.4890331
313.8929442 43.4436461
313.8996892 44.7907411
313.9013058 45.2883639
313.9179992 43.4858050
313.9222408 43.6422839
313.9270942 44.2368281
313.9304500 44.0539089
313.9676821 43.8291211
313.9727171 43.8384211
313.9768679 43.8239211
313.9878542 44.2599561
313.9998471 43.6491389
314.0067750 43.8978461
314.0069879 43.6146550
314.0086058 43.6217231
314.0160221 43.6240811
314.0201721 44.5823211
314.0286858 43.7344089
314.0389400 43.8845481
314.0425721 43.6003569
314.0473021 43.6027789
314.0486758 44.1819689
314.0490421 43.7750631
314.0527042 43.7588839
314.0599979 43.6012569
314.0762021 43.6385731
314.0783079 43.6521800
314.0794979 43.6307831
314.0816042 43.7607231
314.0834350 44.7074550
314.0898129 44.7537269
314.0924992 43.6539961
314.0928342 43.6327019
314.1039729 43.7246819
314.1103821 43.7269019
314.1133121 43.7661589
314.1229250 43.2482339
314.1253971 43.8524250
314.1259771 43.8998181
314.1260679 43.9236911
314.1311650 43.7463531
314.1326600 43.9034769
314.1466979 43.6489139
314.1497500 43.3698081
314.1508179 43.3590581
314.1619571 43.8556789
314.1662600 43.9959331
314.1742250 43.7882689
314.1757200 44.0552669
314.1808779 43.7194711
314.1913150 45.3210600
314.1945500 43.7672269
314.1948550 43.7691611
314.1983642 43.6910631
314.1993408 44.6436081
314.2144471 44.5920600
314.2148742 43.3805889
314.2174379 44.0977169
314.2192692 43.7795411
314.2201542 43.7785681
314.2264100 43.7325289
314.2307742 43.5967981
314.2341921 43.7969211
314.2415471 43.8161661
314.2581792 43.9811361
314.2670292 44.6307789
314.2720029 43.8296661
314.2725829 43.8049550
314.2765200 43.7082789
314.2771300 44.9516261
314.2790221 43.8233150
314.2794192 43.8054431
314.2812500 43.7118111
314.2826542 43.6988139
314.2870479 43.7509000
314.2880550 43.7658461
314.2945250 43.8153911
314.3047179 43.9056589
314.3056642 43.8261639
314.3153079 44.6003569
314.3154908 43.7932469
314.3157958 43.8249511
314.3161008 43.9679639
314.3181758 43.8656731
314.3200992 43.7848511
314.3229679 43.8293989
314.3264771 43.8257750
314.3316650 43.4599231
314.3451842 43.8271519
314.3451842 44.2379989
314.3469242 43.8769111
314.3612058 43.5916789
314.3937992 43.9985350
314.4019471 44.0821231
314.4054258 44.1121711
314.4098821 44.1163031
314.4181208 44.1796039
314.4185792 43.7797850
314.4392092 45.3094831
314.4438171 44.1199150
314.4583442 44.1356281
314.4993592 43.8907131
314.5251771 43.8258861
314.5254208 43.8837361
314.5280458 43.9207339
314.5369571 43.7834400
314.5397029 44.1840439
314.5416871 43.7600289
314.5513921 44.3494989
314.5692750 43.8630789
314.5709842 43.8953550
314.5745850 43.8955150
314.5759279 43.4371450
314.5763858 44.8304181
314.5771179 43.8962061
314.5817571 43.8985289
314.5840150 45.3090061
314.5855408 45.1970519
314.5898442 43.8958169
314.5906071 44.5239750
314.5988158 43.4287381
314.5991521 43.8864750
314.5999450 43.8985019
314.6010442 43.9440461
314.6064758 43.8912811
314.6118771 44.3016589
314.6125792 43.8890231
314.6142271 43.8995711
314.6225592 43.9201469
314.6269529 43.9026789
314.6301271 44.9703561
314.6399229 44.0598300
314.6488042 44.2832181
314.6648871 44.3077200
314.6657721 44.2712250
314.6830142 44.2312889
314.6904908 44.2020911
314.6975100 44.0263019
314.7034908 44.5450589
314.7046508 44.2711411
314.7316592 44.2853889
314.7388308 44.4642831
314.7619929 44.7383231
314.7742621 43.9508861
314.7749329 44.4488719
314.7778929 44.3065911
314.7954708 45.2377239
314.7997442 44.2826381
314.8058171 44.2319369
314.8084108 44.2699781
314.8118592 44.2078589
314.8225708 45.1118281
314.8733829 44.1798100
314.8735958 44.2844581
314.8872071 44.1630750
314.8879400 44.6691700
314.9096071 44.1686750
314.9110108 44.1769369
314.9412542 44.1790161
314.9647521 43.7251319
314.9946900 45.2823911
315.0344242 43.2508850
315.1122442 44.1197661
315.1479492 45.1302831
315.2018742 45.1970411
315.4148250 43.8861500
315.4190979 44.9909439
311.9003908 44.4916569
311.9710392 44.7989811
312.0322879 44.0009150
312.2998958 44.2367589
312.3438421 43.5490950
312.3522950 43.6769181
312.6001279 43.7479089
312.6358342 43.7722281
312.6523442 43.1413539
312.6582029 45.1824189
312.7179571 45.1324311
312.7397458 44.2360269
312.7432558 44.2456019
312.7441408 43.6224400
312.7593079 44.2311250
312.7613221 43.8255311
312.7706300 44.2427369
312.8116758 42.8055000
312.8736879 44.5387839
312.9350892 44.4503900
312.9457400 44.4274711
312.9661558 44.3741989
312.9744571 43.0845911
312.9975892 43.8449669
313.0318908 44.0622711
313.0404971 44.4346311
313.0854492 43.4086881
313.0989692 44.6041600
313.1120300 43.5954781
313.1495058 43.1533769
313.1528021 43.1195450
313.1555179 43.0963139
313.1708979 43.8236161
313.2258608 43.3552931
313.2315979 44.2470131
313.2452092 44.2510681
313.2562558 42.8400000
313.3088071 44.2742231
313.3201600 44.4282611
313.3428042 44.4633669
313.3448792 43.4872739
313.3889158 42.9187700
313.4161379 45.2077981
313.4799192 44.9652750
313.4826050 43.2374611
313.5738521 44.8111839
313.5827942 44.7721400
313.6186521 44.9126819
313.6704708 42.7158700
313.6888121 43.0180319
313.7091671 44.9654539
313.7116092 42.9171450
313.7136542 43.1063000
313.7140200 45.2518081
313.7575071 43.1347469
313.7670292 44.7594219
313.7928471 45.0507581
313.8085329 44.6734011
313.8884579 42.8081969
313.9496771 44.9121089
314.0438229 43.1606519
314.0916750 44.5936581
314.1020808 44.9395100
314.1025700 44.6559219
314.1094358 44.2370111
314.1124879 45.0685731
314.1379700 44.6362000
314.1385800 44.6062011
314.1485900 43.7716181
314.1486821 43.2200319
314.1547242 44.6692350
314.1645508 44.6393469
314.1710508 42.9893989
314.1805721 43.8073081
314.2250979 44.6088369
314.2395629 44.8226169
314.2435908 43.8481939
314.3535158 44.3297650
314.4513858 44.5250169
314.4796450 43.2491611
314.5024108 44.8322261
314.5135800 43.3513789
314.5184942 43.8423000
314.5455929 44.1364289
314.6264042 44.7981869
314.6291200 43.0044289
314.6523129 45.0839881
314.6657100 43.1744119
314.6752621 45.0236400
314.6902158 44.6000211
314.8216858 44.2962300
314.8597108 44.7150761
314.8940121 44.3276019
314.9115600 45.2878881
314.9131779 43.8980219
314.9313350 45.2351300
314.9320979 44.3157161
314.9342958 43.5634081
315.0363771 44.0091861
315.1612850 45.2934461
315.2069400 43.8522069
315.2431950 44.9383200
315.2919308 43.5325619
315.4190979 44.3289719
315.4374700 45.1555211
315.5102842 43.5128939
315.5206908 44.9029311
315.5213321 43.9715919
315.5304871 43.4818689
315.5701900 43.5444450
315.5859992 44.5063861
315.5905758 43.8214639
312.6020342 44.3191031
312.6143842 44.3427381
312.6179829 44.3328089
312.6310900 44.2840369
312.6381179 44.4188161
312.6778408 44.3665200
312.6940071 44.2910250
312.7013329 44.2592131
312.7102692 44.3961131
312.7239071 44.2624669
312.7320758 44.3824411
312.7412029 44.3889600
312.7509579 44.4692331
312.9950929 44.3813111
314.1990021 43.7298761
314.2036200 43.7794739
314.2163179 43.7421361
314.4249471 43.8594469
314.4318471 43.8673969
314.4393521 43.8125389
314.4427200 43.8909331
314.4728479 43.8924381
314.5690408 43.8980531
314.5760971 43.8082200
314.5903921 43.8351239
311.8229679 43.7971800
311.8431700 43.8364139
311.8482971 43.7443239
311.8550108 43.8089031
311.8583679 43.8191639
311.8626400 43.8201981
311.8662108 43.8396419
311.8766792 43.7700539
311.8924558 43.7899781
311.8972471 43.7461211
311.9067692 43.7271500
311.9084779 43.8244739
311.9111629 43.7387850
311.9145508 43.7633589
311.9208371 43.7218361
311.9219358 43.7281039
311.9355158 43.7027700
311.9396971 43.7078439
311.9424442 43.7150761
311.9424442 43.7206119
311.9437258 43.7390519
311.9492492 43.7031100
311.9546808 43.7303511
311.9618221 43.7359889
311.9690550 43.7537989
311.9702450 43.7394869
311.9726258 44.1331181
311.9755250 43.7341811
311.9756471 44.3364411
311.9876400 43.7637789
312.0175779 43.7539331
312.0213929 44.1512950
312.0234379 43.7518769
312.0269771 43.7475281
312.0274350 43.8266111
312.0322271 44.3452450
312.0709842 44.7056581
312.0767821 43.9428331
312.1123958 44.7699589
312.1130679 43.8444289
312.1185908 43.8669781
312.1208192 44.7355119
312.1285100 44.7778400
312.1340329 45.1081389
312.1408079 43.7823681
312.1514279 44.1152081
312.1557921 43.7320669
312.1666871 42.8763119
312.1760858 43.8260989
312.1766971 43.2688369
312.1817321 44.7539519
312.1872558 44.3635750
312.1880800 44.7691081
312.1991271 44.8783150
312.1992192 43.6058619
312.1997379 44.6964039
312.2146000 44.7421000
312.2202450 42.9291419
312.2238458 42.9268989
312.2261350 43.9381261
312.2308042 44.8962100
312.2384642 44.2665100
312.2402342 42.9163900
312.2416379 44.8898200
312.2447508 45.2211489
312.2452092 43.7593269
312.2486879 45.2081989
312.2533571 45.2826731
312.2682192 43.6402169
312.2687679 43.6880300
312.2783508 44.5551531
312.2886658 45.1531261
312.3005679 45.2858239
312.3024292 45.2343181
312.3034671 45.2628819
312.3056950 43.8420789
312.3097529 43.3931200
312.3103029 44.2472111
312.3145450 44.5489311
312.3152771 44.6414381
312.3156429 43.8922881
312.3204650 42.9138639
312.3224179 43.9661669
312.3229371 44.5466769
312.3279108 44.7541281
312.3313292 43.6680869
312.3314821 45.2784611
312.3351129 45.2898369
312.3405458 43.0455319
312.3439642 42.8662150
312.3586121 44.5916100
312.3599242 42.8472061
312.3644408 43.5565950
312.3702700 45.2617611
312.3776550 42.8388861
312.3875729 44.1984061
312.3917542 44.0997311
312.3995971 44.5125311
312.4063421 44.1203800
312.4114692 44.1492961
312.4118650 42.8748211
312.4145200 45.0425989
312.4193108 42.9759519
312.4464108 44.0329700
312.4674679 44.2479250
312.4677429 44.7740631
312.4737850 44.2799111
312.4797058 44.7743031
312.4828192 44.0698469
312.4878542 44.2663381
312.4946292 44.0964281
312.5172421 44.8916319
312.5185550 43.6706011
312.5216979 44.3002089
312.5244750 45.2292939
312.5270392 45.1873319
312.5277100 44.5651211
312.5369258 44.9740719
312.5381471 44.4963719
312.5389400 44.8956911
312.5424808 45.0784261
312.5428158 42.8780331
312.5458371 42.8799361
312.5461121 44.9427989
312.5497442 44.9943811
312.5590521 44.7229500
312.5636600 45.3127939
312.5649108 44.8810839
312.5662842 43.3043589
312.5725400 44.5238069
312.5795900 44.4091381
312.5798950 44.8320689
312.5917658 42.8587950
312.5931092 44.0708919
312.5982358 44.8572689
312.5986329 44.9194681
312.5999150 45.0296100
312.6021121 42.8561361
312.6041558 44.1916239
312.6046750 44.9768181
312.6064758 43.7676889
312.6209108 44.9091869
312.6281742 44.3088761
312.6288150 44.9176219
312.6300050 44.9187661
312.6320192 43.6844100
312.6418150 44.3702011
312.6418758 44.9316831
312.6506958 44.3203700
312.6529542 43.8788831
312.6539921 43.5911750
312.6540529 44.3471789
312.6617429 44.7252581
312.6629942 44.5105900
312.6727600 44.4199300
312.6767579 44.8997269
312.6778558 43.7432789
312.6782842 44.3655050
312.6824950 44.3764081
312.6884458 44.2539289
312.6933292 44.5201031
312.6937871 44.4131931
312.7004092 44.5602111
312.7010500 45.0088581
312.7022092 44.5592919
312.7023929 44.9559711
312.7059329 44.5578039
312.7095029 44.4058800
312.7096558 44.5587539
312.7105708 44.4186019
312.7118221 43.0564581
312.7120971 44.4279981
312.7129821 45.0207411
312.7210392 44.8388439
312.7215271 44.8434681
312.7218629 44.4138831
312.7243042 44.2969861
312.7243650 44.3610611
312.7258608 44.6356281
312.7262571 44.2979361
312.7315671 44.4067689
312.7316279 44.9667431
312.7342829 45.0697519
312.7388921 44.3949589
312.7390442 44.4051169
312.7394408 44.4127389
312.7560421 44.2595669
312.7591250 43.3264431
312.7607121 44.4997900
312.7640992 45.2016750
312.7745971 44.3964581
312.7780758 44.6076511
312.7801208 44.7210581
312.7820429 44.6884231
312.7946779 43.1039619
312.7961121 44.2902219
312.7998350 44.6539881
312.8075558 44.5314100
312.8082271 45.0452881
312.8098450 45.3105131
312.8116758 44.1729581
312.8169558 44.2500000
312.8265079 44.8482400
312.8268742 44.5546450
312.8292242 44.4054681
312.8386542 44.5866969
312.8485721 44.5268819
312.8489379 44.2327919
312.8497008 43.6054919
312.8510129 43.5966339
312.8553158 44.0719950
312.8557429 43.3938031
312.8567200 44.5861969
312.8592529 44.5095139
312.8594671 44.2832111
312.8647771 44.8754269
312.8653558 45.0591961
312.8680121 44.1861231
312.8707892 44.4942169
312.8772579 45.1211011
312.8781429 45.0622861
312.8818358 44.2169989
312.8856508 44.2154269
312.8954158 44.3772050
312.9002379 45.0272289
312.9079592 44.7292211
312.9089050 44.2635231
312.9113158 43.0953831
312.9122921 44.8600539
312.9174808 44.8265269
312.9179379 44.2628589
312.9192500 44.4071161
312.9300229 45.0801431
312.9422608 44.3858069
312.9468992 45.1365811
312.9475708 44.5356261
312.9497071 44.6446611
312.9508971 44.6575200
312.9561771 45.1258769
312.9563292 45.1072161
312.9635621 44.2534219
312.9638671 43.3485450
312.9721679 44.5471111
312.9750979 44.3005789
312.9765929 45.1020161
312.9777221 44.9352069
312.9850771 44.5551681
312.9953000 44.4719539
313.0066829 44.1862369
313.0096129 45.3340989
313.0099179 45.0988619
313.0144958 44.5292361
313.0150150 43.5440669
313.0156858 44.8854181
313.0169071 45.2183681
313.0171200 44.3443831
313.0174558 44.3498961
313.0205379 43.9046439
313.0220029 43.2550319
313.0231929 44.9410669
313.0247192 43.2364539
313.0255129 44.6563639
313.0303042 44.4070439
313.0335079 45.3440969
313.0368350 43.6164281
313.0395808 43.2853661
313.0434879 43.2799489
313.0467221 45.1319731
313.0470579 43.9834139
313.0508729 44.4385031
313.0519100 44.5188289
313.0521242 44.6082950
313.0536192 44.2358439
313.0590821 44.6758650
313.0608521 44.0294150
313.0633550 44.6148639
313.0705258 44.1412131
313.0726321 43.4207761
313.0732121 44.6739011
313.0759279 44.5659869
313.0801392 43.2434039
313.0824892 44.1464769
313.0874329 43.9137569
313.0881350 45.1974600
313.0928042 44.5243261
313.1026308 43.2672500
313.1064150 44.4819031
313.1065371 44.4866261
313.1080021 44.4227411
313.1121521 45.1535031
313.1195679 44.6410289
313.1208192 43.2325519
313.1233829 44.5718189
313.1273500 43.1453281
313.1282958 44.5098231
313.1338200 44.4733661
313.1341550 44.7544819
313.1345521 44.1488231
313.1378171 44.3047911
313.1413571 44.0790939
313.1427308 44.1870189
313.1436771 44.2198111
313.1485900 43.2491839
313.1500850 45.3253331
313.1535029 43.5018619
313.1718142 44.3648489
313.1731871 44.6221350
313.1732792 44.3242339
313.1776121 44.1787489
313.1835329 43.2208211
313.1842958 44.2972981
313.1889650 44.2329100
313.1904600 44.5336419
313.1920171 44.6527481
313.1921692 44.1784631
313.1947629 43.5144619
313.1958308 44.4723431
313.1984858 44.6437489
313.2008058 44.8099589
313.2031250 43.5174939
313.2032171 43.5070269
313.2040100 44.6762619
313.2044679 43.5156781
313.2045292 44.2555769
313.2115779 43.2879750
313.2140808 44.3432539
313.2142029 44.1485561
313.2197879 44.5590939
313.2217408 43.9587211
313.2288508 44.8266111
313.2301021 43.9937439
313.2306208 44.2826269
313.2317200 43.9454539
313.2348021 44.4774589
313.2442321 43.1404419
313.2442629 45.0183561
313.2509458 44.6804661
313.2523500 44.6099011
313.2576900 44.4386439
313.2586971 44.7706719
313.2618408 44.6148831
313.2646179 44.5391619
313.2649542 44.4520111
313.2651371 44.5937231
313.2693179 44.6630750
313.2719121 44.2414700
313.2808229 44.2438661
313.2848208 44.2862700
313.2860721 44.5476569
313.2883608 44.3545039
313.2955929 44.1467439
313.2956850 44.0487981
313.2963871 45.2150000
313.2991329 44.6144869
313.3004758 44.3919531
313.3020942 44.5901789
313.3025821 44.2964289
313.3105771 44.4765931
313.3121029 44.5762789
313.3136600 43.7091219
313.3156129 44.4924889
313.3161321 44.4965589
313.3194879 44.6817250
313.3245542 44.3012161
313.3263550 43.6645161
313.3364558 44.4669039
313.3382571 44.5878600
313.3383179 44.8892861
313.3441158 44.4775119
313.3511658 44.5114169
313.3538508 44.4803811
313.3619079 44.3986089
313.3678892 44.9566731
313.3685000 43.9483219
313.3693850 43.4202039
313.3703921 44.3547861
313.3710942 44.5049289
313.3721921 44.4582411
313.3724979 44.6730231
313.3751221 44.5229719
313.3760992 44.4868239
313.3777771 44.4285161
313.3820192 43.9548031
313.3822021 45.2598150
313.3822629 45.0245739
313.3833008 44.7868231
313.3835750 44.4850011
313.3851008 44.5508269
313.3857421 44.4757800
313.3863521 44.6984939
313.3872679 44.4495769
313.3880308 44.4360469
313.3903808 44.7858850
313.3942871 44.4810489
313.3959042 43.9360769
313.3974300 45.0748100
313.3978579 44.5822219
313.3987729 44.3728450
313.3990171 44.4779889
313.3992000 44.5132100
313.4063721 44.8369061
313.4095150 44.2474061
313.4106442 44.4287489
313.4114379 44.4416389
313.4115292 44.3768200
313.4167792 44.5820200
313.4207150 44.4426461
313.4227600 44.5285381
313.4247442 43.9557950
313.4248658 44.2326161
313.4275208 43.8982281
313.4305421 44.5933419
313.4318542 45.0268739
313.4321900 44.6765561
313.4356692 43.6274381
313.4370421 44.0208700
313.4374079 44.0704761
313.4412542 44.0873489
313.4427492 44.2706411
313.4436342 43.8055311
313.4458008 44.1449089
313.4465942 44.4451561
313.4478758 44.3064269
313.4487000 44.4878269
313.4488221 43.8806689
313.4503479 43.8274769
313.4530642 45.2402150
313.4536129 44.8142889
313.4558721 43.9362411
313.4562992 43.9381831
313.4572450 45.2475550
313.4576108 44.3620831
313.4610600 44.2118219
313.4620358 43.8662189
313.4627079 44.8349650
313.4642329 44.3382839
313.4652100 44.4229089
313.4672850 43.9802739
313.4720150 44.1411819
313.4722900 43.2066919
313.4776608 44.5810281
313.4790042 44.3200111
313.4813842 43.7716139
313.4826658 44.8028111
313.4839171 43.7393231
313.4896850 44.3424450
313.4898379 44.6605869
313.4898679 44.4478489
313.4931029 44.5067139
313.4939271 44.4266511
313.4945371 44.5827411
313.4967958 43.9566500
313.4976200 43.9606131
313.4981079 44.5863881
313.4992371 44.4646000
313.5024721 45.0342481
313.5036321 44.2487489
313.5068050 44.2230911
313.5089108 44.4023589
313.5093379 44.1794239
313.5097050 44.2862550
313.5100708 44.1382031
313.5173042 44.3257600
313.5237429 44.5576169
313.5240479 44.2602419
313.5291750 44.0826489
313.5296629 45.1613350
313.5303342 44.3978689
313.5306092 44.3366131
313.5307621 44.8965261
313.5313421 44.3824011
313.5329592 44.9326511
313.5379642 43.8927881
313.5383300 44.5860669
313.5386958 44.9346200
313.5390008 44.0603519
313.5422971 44.5175131
313.5428158 44.3589019
313.5435179 44.8633119
313.5447079 44.3636019
313.5458371 43.9163439
313.5482179 44.8705250
313.5482479 43.8193169
313.5569150 44.9020650
313.5584408 44.1606439
313.5606692 44.8942681
313.5672908 43.9226381
313.5714108 44.5148119
313.5719908 44.8724139
313.5770871 44.3485150
313.5788879 44.3257939
313.5871892 45.1597400
313.5872192 44.5326731
313.5890808 44.5918539
313.5902708 44.1679081
313.5912479 44.3369411
313.5945129 44.1562731
313.5951542 44.4069250
313.5963142 44.4736589
313.5965879 44.4414289
313.5987850 44.4207000
313.6056208 44.5701669
313.6088558 44.8721889
313.6162421 44.0027239
313.6166992 44.3596839
313.6185300 44.2255819
313.6231992 44.1622281
313.6252750 44.1505239
313.6281429 44.7433211
313.6461792 44.5256311
313.6463929 44.5984531
313.6504821 43.6539231
313.6583250 43.7640531
313.6596371 44.3758050
313.6598508 44.3986211
313.6722721 44.3374631
313.6724850 44.2907639
313.6751100 45.2815061
313.6773992 44.1768300
313.6844479 45.0498011
313.6902771 44.7282911
313.6904600 44.0580250
313.7009579 43.1834031
313.7041321 44.3520011
313.7080379 43.5633239
313.7145392 44.7058519
313.7167358 43.8368831
313.7283021 44.4808389
313.7363892 43.9232939
313.7437129 43.6963200
313.7601008 44.4146839
313.7604679 44.4083181
313.7643742 43.5354231
313.7763371 43.1896550
313.7803042 44.2883111
313.7817379 43.7070311
313.7835079 43.7425569
313.7965092 43.8568500
313.8049929 44.2381319
313.8148800 43.4567411
313.8172300 44.1710131
313.8208921 43.8325231
313.8308408 44.6860011
313.8371579 44.7144889
313.8373108 43.7394600
313.8421629 43.9886511
313.8482058 44.0738489
313.8553000 44.0772000
313.8569642 44.0402719
313.8578192 44.0021589
313.8610229 43.9980050
313.8639221 43.3047750
313.8685000 43.9852719
313.8726500 44.0118331
313.8729550 44.0213161
313.8732608 44.1091161
313.8762208 43.9973339
313.8833621 44.0846561
313.8893742 43.9878231
313.9025879 43.3508339
313.9116521 44.9488139
313.9126892 43.7669111
313.9165958 42.9567031
313.9196471 44.0954439
313.9207758 44.1229061
313.9208371 44.0999531
313.9215092 44.1124800
313.9221192 44.6519781
313.9240108 44.1067919
313.9373779 44.1262739
313.9402771 43.5636411
313.9439092 44.0840911
313.9459529 44.0995600
313.9536742 43.7196011
313.9577329 44.0230789
313.9624329 44.2372131
313.9632258 44.2498889
313.9670408 43.1088681
313.9700929 44.4277311
313.9711000 43.5515289
313.9722600 42.8576161
313.9749150 44.2238269
313.9758908 44.2254831
313.9781192 44.2104031
313.9877321 44.3418689
313.9920350 44.7220650
313.9949650 43.5907100
314.0165708 43.6415750
314.0337829 43.4823950
314.0392758 43.8217161
314.0431521 43.7726631
314.0443729 43.6226581
314.0483400 44.3917919
314.0513921 43.6493261
314.0544742 44.5733411
314.0589900 43.9968681
314.0592958 44.2142031
314.0602108 44.2234339
314.0634771 43.6363489
314.0736392 43.6375119
314.0754092 43.6482350
314.0756842 43.6536939
314.0772700 43.8913650
314.0787050 43.6605419
314.0886229 43.6108361
314.0995479 43.7532311
314.1035158 43.6510319
314.1086429 43.8918111
314.1120908 43.6297189
314.1181329 43.6538700
314.1282650 43.7009661
314.1373600 43.8968350
314.1419979 44.2523731
314.1429442 43.6401750
314.1474000 44.0962600
314.1481321 44.3374750
314.1484992 42.8114319
314.1495671 43.6259150
314.1571658 44.5380711
314.1652221 43.8939439
314.1731871 43.7496489
314.1753542 43.2462650
314.1866450 44.0087089
314.1889042 43.7774581
314.1893008 43.6539839
314.1940000 43.8537411
314.1990971 44.1932600
314.1995242 44.4038700
314.2008671 44.1915169
314.2018129 43.5506711
314.2027892 43.9337619
314.2041929 43.7537039
314.2056892 43.7609369
314.2086179 43.7665061
314.2125850 43.5577850
314.2141721 43.7819711
314.2163392 42.8111569
314.2169492 43.3610231
314.2170108 43.7426911
314.2193908 43.8201981
314.2209471 43.8216211
314.2295229 44.2226331
314.2298579 43.7454800
314.2313842 43.8397681
314.2345279 43.7770731
314.2356571 44.2265011
314.2373658 44.2914389
314.2400508 43.6286850
314.2429500 43.9512481
314.2432858 43.1462589
314.2436221 43.7639281
314.2449950 43.9887731
314.2471921 43.7980539
314.2501221 43.1606789
314.2517392 43.7021369
314.2536008 43.9819339
314.2567750 43.6941719
314.2569579 43.8372231
314.2586058 43.6465381
314.2608950 43.6987000
314.2661442 43.8194881
314.2669679 43.7951700
314.2680050 43.7415581
314.2694400 43.8007431
314.2710271 43.5716169
314.2712400 43.8158761
314.2746279 43.6273989
314.2825321 43.7669489
314.2830200 44.3132089
314.2845758 43.1203081
314.2860408 43.6059489
314.2914729 43.6930619
314.2926942 43.5844539
314.2945858 43.8106689
314.2960508 42.9259531
314.2966921 43.7936361
314.2991942 43.7151639
314.3014529 43.7808531
314.3069758 43.6749919
314.3075871 43.8001400
314.3098450 43.6308861
314.3105158 43.7890361
314.3121342 43.9152339
314.3164371 43.8041569
314.3181458 43.6901931
314.3273008 44.4603081
314.3322142 43.9999200
314.3337100 43.8382261
314.3361508 44.4993819
314.3645321 43.9000661
314.3795779 44.0367619
314.3901371 44.0324969
314.3998408 44.1116331
314.4160158 45.3249469
314.4240721 43.8317681
314.4311521 44.1582489
314.4462892 44.5551150
314.4485171 45.3174669
314.4594421 44.3777050
314.4605408 43.8423619
314.4610900 44.0945281
314.4643558 42.9622150
314.4646608 43.8488850
314.4673158 43.8140339
314.4704292 43.8912619
314.4743650 43.8529361
314.4757692 43.9052811
314.4783021 43.8443411
314.4786071 45.1089481
314.4792479 43.9017331
314.4886779 43.5159611
314.4930121 43.8668211
314.4940492 43.6876261
314.5083921 43.8359339
314.5098271 43.8381500
314.5163271 43.7312769
314.5197142 43.8897281
314.5227050 43.7815061
314.5335692 43.8327939
314.5351258 43.6500700
314.5359800 43.9016150
314.5393979 43.0382539
314.5416871 45.2619400
314.5595092 43.8846319
314.5677192 43.8930850
314.5717158 43.7359431
314.5726008 43.9469681
314.5758058 43.9326819
314.5813292 43.8958631
314.5821529 43.8107261
314.5837400 43.8880389
314.5866392 43.7839469
314.5909421 43.2059589
314.5914608 43.8870511
314.5974729 43.8249400
314.5985721 43.8822100
314.6135250 43.9151839
314.6193242 43.8156050
314.6267700 43.8997231
314.6292108 43.7957731
314.6298221 43.8994981
314.6412350 45.1917611
314.6412658 43.7541239
314.6485600 44.3125381
314.6543579 45.0354581
314.6748658 44.2737539
314.6797179 43.7669831
314.6838379 43.9695281
314.6855158 43.7138939
314.6921079 43.7238161
314.7040100 44.4861789
314.7217708 43.9758000
314.7265321 45.1088331
314.7291258 44.3639531
314.7644650 44.2198831
314.8011779 44.2679831
314.8055421 44.2843289
314.8091129 44.2178189
314.8120729 45.2561189
314.8150642 44.2215350
314.8318792 43.7667769
314.8341671 44.2847400
314.8349608 44.1183050
314.8404850 44.2350011
314.8598629 45.2531200
314.8649292 44.2751239
314.8708500 43.2639011
314.8815308 44.5956611
314.8862308 44.1431811
314.9060671 45.2606961
314.9122921 45.0227661
314.9320679 44.8787500
314.9322208 44.3904150
314.9425050 43.3196831
314.9449771 42.9933361
314.9727171 44.8106039
314.9920958 44.7914281
314.9961850 44.4026069
315.0042108 43.0363500
315.0924379 43.8473550
315.1181642 43.0054239
315.1367192 43.9687419
315.1564329 44.5686189
315.1695858 44.8188819
315.1949158 42.9240231
315.2358700 43.2070269
315.2669371 44.7441369
315.2983700 44.7892839
315.3060300 43.6909939
315.3076171 43.7380869
315.3523871 43.8039669
315.3697508 42.9897989
315.4284058 44.9164239
315.5354608 45.0317461
315.6014100 44.7051619
315.6538092 44.4202000
