311.839630,+44.173649
311.900391,+44.491657
311.934601,+44.427231
311.957275,+44.191322
311.971039,+44.798981
311.992950,+44.349998
312.014893,+44.091465
312.032288,+44.000915
312.089539,+44.687485
312.105774,+44.385151
312.108826,+43.861218
312.115540,+44.773636
312.119995,+44.403213
312.124054,+43.859348
312.130096,+44.773609
312.130341,+43.842915
312.131592,+45.020176
312.136871,+44.199871
312.137500,+43.855300
312.141510,+44.374630
312.147736,+43.887016
312.151886,+43.966751
312.166596,+44.851395
312.168152,+43.856743
312.171875,+44.775734
312.193481,+44.755558
312.194488,+44.697514
312.198669,+44.636189
312.209290,+44.660480
312.211243,+43.830483
312.215332,+43.850384
312.226410,+44.897137
312.240814,+43.831932
312.249054,+44.691036
312.249300,+43.836000
312.250153,+43.854897
312.255066,+44.577026
312.255524,+45.113274
312.256714,+43.959335
312.268921,+45.104038
312.272919,+44.059258
312.277252,+45.171959
312.281555,+44.040836
312.290161,+43.848404
312.295807,+43.836639
312.296783,+43.846676
312.299072,+44.193203
312.299103,+44.209160
312.299896,+44.236759
312.301453,+44.120747
312.303742,+44.194271
312.308044,+43.840412
312.317047,+43.827793
312.324982,+44.093372
312.326843,+43.667778
312.334595,+44.587109
312.343842,+43.549095
312.346832,+44.576992
312.352295,+43.676918
312.353149,+44.589352
312.367340,+44.666042
312.373352,+44.012974
312.379059,+43.698959
312.384094,+44.284229
312.393768,+44.728596
312.396027,+44.322033
312.397583,+43.669163
312.401856,+43.635433
312.402405,+44.232620
312.424560,+43.983555
312.428253,+44.744537
312.429657,+44.505146
312.432404,+44.722458
312.437470,+44.728310
312.441742,+44.701645
312.461121,+43.715050
312.461639,+44.209351
312.469727,+44.222908
312.470978,+44.260902
312.474762,+44.217312
312.476929,+44.288803
312.494629,+44.212791
312.497406,+44.269043
312.519531,+44.986389
312.532837,+44.828690
312.534363,+44.830486
312.539246,+44.447933
312.539368,+43.967632
312.541260,+44.255875
312.546539,+44.970715
312.547180,+44.339012
312.548523,+44.202267
312.548920,+43.966640
312.568817,+44.421249
312.576721,+44.436665
312.578461,+44.922348
312.585297,+44.834728
312.590302,+44.406849
312.590729,+44.850361
312.591370,+44.218578
312.593445,+44.321548
312.593933,+44.905613
312.596619,+43.316177
312.600128,+43.747909
312.601349,+44.222507
312.602020,+44.850452
312.602034,+44.319103
312.602387,+44.920921
312.614044,+44.331848
312.614384,+44.342738
312.615478,+44.391411
312.616425,+44.535542
312.617983,+44.332809
312.621826,+44.897522
312.623596,+44.297367
312.627167,+44.422333
312.631090,+44.284037
312.634308,+44.418892
312.634705,+44.438187
312.635834,+43.772228
312.637756,+44.260750
312.638118,+44.418816
312.644409,+44.373962
312.645966,+44.420456
312.646057,+44.441586
312.647888,+44.369858
312.648438,+44.304169
312.652344,+43.141354
312.653900,+44.361343
312.654266,+44.306820
312.655670,+44.348038
312.656036,+44.354462
312.656708,+44.883381
312.657562,+44.296028
312.658203,+45.182419
312.658539,+44.312431
312.666138,+44.376183
312.666870,+44.316887
312.667908,+44.513626
312.668610,+44.339340
312.668915,+44.347439
312.670441,+44.003864
312.670929,+44.302269
312.677841,+44.366520
312.678467,+44.430203
312.681335,+44.264385
312.682526,+44.280182
312.682587,+43.806568
312.683807,+44.566753
312.686798,+44.288525
312.687347,+44.349651
312.687378,+44.265461
312.689148,+44.363670
312.689636,+43.744804
312.690643,+44.919922
312.691376,+44.412891
312.691956,+44.319492
312.694007,+44.291025
312.697846,+44.731106
312.698852,+45.011036
312.699402,+44.986095
312.701333,+44.259213
312.702332,+44.284248
312.702423,+44.351265
312.702850,+44.254379
312.702911,+44.348137
312.703369,+44.323177
312.704804,+44.956516
312.705505,+44.899536
312.706696,+44.908657
312.706879,+44.411446
312.709778,+44.411118
312.710053,+44.836533
312.710269,+44.396113
312.715454,+44.346069
312.717957,+45.132431
312.719086,+44.278927
312.721558,+44.398243
312.722107,+45.015995
312.723236,+44.350204
312.723450,+44.408443
312.723816,+44.266201
312.723907,+44.262467
312.724121,+44.321548
312.724152,+44.355152
312.727020,+43.773327
312.728577,+45.265877
312.731811,+44.297245
312.732076,+44.382441
312.734039,+44.305992
312.738983,+44.806904
312.739746,+44.236027
312.740692,+44.719044
312.741203,+44.388960
312.742340,+44.707134
312.743012,+44.242386
312.743256,+44.245602
312.744141,+43.622440
312.744568,+44.291893
312.745850,+44.331772
312.746521,+44.733620
312.747894,+44.327484
312.748901,+44.680332
312.748932,+44.716324
312.749634,+44.719860
312.750092,+44.864002
312.750855,+44.874664
312.750958,+44.469233
312.753784,+44.530514
312.756531,+44.261650
312.758179,+44.509266
312.758972,+44.744327
312.759003,+44.335850
312.759308,+44.231125
312.760346,+44.214481
312.761292,+44.313000
312.761322,+43.825531
312.762817,+44.400734
312.763763,+44.244430
312.763946,+44.404278
312.765106,+44.732933
312.766541,+44.986763
312.766815,+45.020081
312.769379,+44.397247
312.770081,+44.861637
312.770630,+44.242737
312.772400,+44.256332
312.772736,+44.233112
312.773193,+44.797512
312.773773,+44.275551
312.777100,+44.807285
312.778473,+44.978317
312.780243,+44.895245
312.781372,+44.853767
312.781830,+44.800232
312.783600,+44.530678
312.785126,+44.952400
312.785644,+44.409183
312.786469,+44.794762
312.786987,+44.886852
312.788391,+44.933453
312.788574,+44.790951
312.789551,+44.558228
312.790619,+44.857014
312.793488,+44.976566
312.795624,+44.612266
312.795685,+44.794167
312.796570,+44.731033
312.800415,+44.313187
312.803131,+44.970264
312.803589,+45.169632
312.805969,+44.438393
312.807068,+44.539581
312.809204,+44.609013
312.810669,+44.227158
312.811676,+42.805500
312.813110,+44.304848
312.815125,+44.248630
312.818787,+44.382748
312.820160,+44.920013
312.820251,+44.341152
312.821899,+44.910713
312.823822,+44.308231
312.824188,+44.766014
312.824768,+44.983921
312.825928,+44.218990
312.826019,+44.843113
312.830414,+44.841076
312.830963,+44.325142
312.832703,+44.385063
312.837463,+44.438789
312.838257,+44.053513
312.838867,+43.586250
312.839722,+43.609814
312.842346,+44.837303
312.843506,+44.346218
312.844116,+44.421009
312.844482,+44.352123
312.845062,+44.561817
312.845429,+44.829922
312.845489,+44.074894
312.846130,+44.446072
312.847687,+44.586990
312.848328,+44.261818
312.848633,+44.589607
312.850098,+44.549156
312.850647,+44.299049
312.851715,+44.217861
312.852387,+44.825352
312.852936,+44.305153
312.853699,+43.619247
312.857300,+44.239212
312.857696,+45.013222
312.859283,+44.089943
312.860168,+43.886826
312.860504,+44.607979
312.861176,+44.073479
312.862457,+44.220901
312.863739,+44.437321
312.867432,+45.086834
312.868500,+44.433586
312.868988,+44.227913
312.869080,+44.262619
312.872955,+44.367252
312.873688,+44.538784
312.875061,+44.254536
312.875214,+44.208675
312.875824,+44.895268
312.876617,+44.824928
312.877380,+44.062473
312.878754,+44.116470
312.880768,+45.098038
312.882324,+45.067676
312.882874,+44.048283
312.883575,+44.532669
312.884338,+44.842625
312.886658,+44.396664
312.888000,+44.616566
312.889099,+44.443630
312.889160,+44.589226
312.889160,+44.581799
312.889404,+45.090134
312.890381,+44.170700
312.894775,+44.823795
312.908081,+43.384659
312.909790,+43.953789
312.911041,+44.061314
312.913605,+44.407784
312.913971,+45.096317
312.916412,+44.553921
312.919647,+43.220554
312.919861,+44.227520
312.922577,+44.251987
312.924591,+44.268967
312.925476,+44.649033
312.925598,+43.854336
312.928742,+44.125164
312.932159,+43.810703
312.935089,+44.450390
312.938202,+43.817333
312.941650,+44.476437
312.944916,+43.419750
312.945618,+44.554325
312.945648,+44.445129
312.945740,+44.427471
312.948181,+44.419559
312.952332,+44.884731
312.952332,+44.088764
312.953125,+44.394676
312.953583,+44.184071
312.957886,+44.314892
312.959656,+44.080650
312.966156,+44.374199
312.967804,+44.305874
312.970429,+44.265961
312.970856,+44.396625
312.972595,+44.875462
312.973175,+43.825333
312.974457,+43.084591
312.975494,+45.105198
312.976593,+44.876564
312.979614,+44.256107
312.981201,+44.289814
312.982117,+44.564625
312.983612,+44.086781
312.985565,+44.137257
312.988342,+44.037750
312.988831,+44.346649
312.991913,+44.072536
312.994263,+45.242458
312.994324,+44.249100
312.994568,+44.507587
312.995093,+44.381311
312.996674,+44.428841
312.997498,+44.272835
312.997589,+43.844967
313.000671,+44.333008
313.001343,+45.232292
313.004150,+44.478191
313.004211,+44.145229
313.006500,+44.338364
313.008423,+43.453625
313.011108,+44.457974
313.012268,+44.231060
313.014496,+45.290512
313.015228,+44.477261
313.022217,+44.479633
313.023773,+43.009693
313.025024,+44.099712
313.025238,+44.287819
313.026733,+44.529232
313.027924,+44.465332
313.028137,+44.565308
313.029327,+43.486767
313.030334,+44.980038
313.031891,+44.062271
313.033478,+44.501320
313.034973,+44.416267
313.035767,+44.570866
313.037231,+44.365131
313.039276,+43.336849
313.040497,+44.434631
313.045807,+44.136173
313.050598,+43.908550
313.053833,+44.348164
313.056610,+43.677483
313.057251,+44.024296
313.059936,+44.486530
313.061676,+43.996258
313.062042,+44.344105
313.063049,+43.502075
313.063049,+44.289383
313.064392,+44.469669
313.073914,+44.684094
313.076508,+44.387081
313.076660,+44.417221
313.076752,+44.275112
313.076935,+44.087471
313.082062,+44.413643
313.082519,+44.388992
313.084381,+44.508583
313.084595,+43.978550
313.085449,+43.408688
313.086090,+44.483173
313.086182,+43.846119
313.091339,+44.188835
313.093903,+44.233303
313.095337,+44.450398
313.096954,+43.082310
313.098969,+44.604160
313.100098,+44.532032
313.100159,+44.579022
313.100494,+44.404831
313.102447,+44.398647
313.105743,+44.242264
313.107574,+44.746433
313.108673,+44.073204
313.111298,+44.442360
313.111511,+44.285080
313.112030,+43.595478
313.112366,+44.069031
313.113312,+44.077534
313.116852,+44.058666
313.118042,+44.354084
313.119721,+45.136196
313.119965,+44.308231
313.120026,+44.071541
313.122528,+44.288979
313.124084,+44.351261
313.128479,+44.489700
313.128723,+44.336494
313.133606,+43.571896
313.134857,+44.313088
313.137421,+44.681652
313.138550,+44.527912
313.139954,+44.346096
313.140839,+44.407341
313.143158,+44.294521
313.143372,+44.640186
313.145019,+44.972183
313.147095,+44.555374
313.147522,+44.622822
313.149506,+43.153377
313.149719,+43.667187
313.151001,+44.178345
313.151886,+44.196205
313.152802,+43.119545
313.155518,+43.096314
313.155609,+43.392281
313.161224,+44.187775
313.162628,+43.418209
313.162842,+44.684990
313.163117,+44.462395
313.164581,+43.998424
313.166016,+44.096649
313.166534,+44.395214
313.167511,+44.412464
313.170898,+43.823616
313.172302,+44.236740
313.173462,+44.131077
313.174347,+44.448574
313.175812,+44.570045
313.176178,+43.231762
313.177368,+43.528652
313.178436,+44.319584
313.179016,+44.183849
313.181335,+44.374085
313.183807,+44.650017
313.184875,+44.639103
313.189880,+44.745823
313.192261,+44.416042
313.192535,+44.529537
313.195068,+44.041870
313.197876,+44.261581
313.199097,+44.325226
313.200928,+44.588417
313.202820,+44.330692
313.205414,+44.633186
313.206604,+44.701492
313.207550,+44.317223
313.216217,+44.428932
313.218689,+44.240265
313.221252,+44.569576
313.221771,+44.671547
313.222656,+44.326763
313.222809,+44.478939
313.223969,+44.249138
313.224426,+44.234062
313.225861,+43.355293
313.226257,+43.871208
313.226288,+44.689239
313.231598,+44.247013
313.236114,+44.496738
313.237213,+44.433502
313.238800,+44.679535
313.239227,+44.482010
313.240265,+44.406094
313.245117,+44.478169
313.245209,+44.251068
313.248688,+44.467579
313.253174,+44.829296
313.256256,+42.840000
313.257294,+44.190559
313.257507,+44.318260
313.259766,+44.012940
313.260803,+44.460686
313.262421,+45.081306
313.262817,+44.620068
313.263702,+44.663582
313.264038,+43.933128
313.269806,+45.036690
313.271454,+44.339146
313.271637,+43.437027
313.271973,+44.698425
313.273895,+44.710228
313.274719,+44.260746
313.275574,+44.402771
313.276398,+44.044529
313.284088,+44.087254
313.287628,+44.503002
313.292908,+44.363518
313.296387,+44.396545
313.298126,+44.052731
313.298370,+43.983147
313.299377,+44.257824
313.301117,+43.641331
313.302124,+44.518574
313.302551,+44.478867
313.303650,+44.125526
313.306519,+44.376823
313.308350,+44.216061
313.308685,+44.861679
313.308807,+44.274223
313.309815,+44.010929
313.310333,+44.479839
313.310608,+44.485096
313.310791,+44.434383
313.313171,+44.646751
313.315125,+43.739677
313.318665,+45.269775
313.318878,+44.492687
313.320160,+44.428261
313.321228,+44.642837
313.322876,+44.467262
313.323822,+44.051353
313.328796,+44.243992
313.335632,+43.836247
313.342804,+44.463367
313.344879,+43.487274
313.349213,+45.113281
313.349792,+43.905006
313.349853,+44.365982
313.350311,+44.395008
313.352539,+44.041805
313.353333,+43.864609
313.354218,+44.212448
313.355896,+44.656017
313.357544,+44.700119
313.359009,+44.473473
313.362457,+44.440948
313.362701,+44.972202
313.364227,+44.687153
313.365570,+44.176266
313.366119,+44.671528
313.373688,+44.399036
313.375305,+44.426781
313.376892,+44.445450
313.377502,+44.580460
313.378448,+44.500694
313.378998,+43.949112
313.379578,+44.390751
313.380341,+44.319134
313.380768,+44.226261
313.381165,+44.212727
313.383148,+44.163055
313.386352,+44.819939
313.388611,+44.391281
313.388672,+44.575630
313.388916,+42.918770
313.389130,+44.570023
313.392090,+44.338249
313.393005,+44.127922
313.393738,+44.302628
313.394470,+44.546379
313.394898,+44.488258
313.396790,+44.281307
313.397736,+44.463348
313.398315,+44.456497
313.398743,+44.547482
313.398926,+44.154514
313.400696,+44.206440
313.401154,+44.273941
313.402100,+44.887081
313.402191,+44.575771
313.402832,+44.716312
313.405975,+44.493866
313.407623,+44.405704
313.410309,+44.480103
313.411316,+43.940849
313.412842,+43.900906
313.413208,+44.227035
313.416138,+45.207798
313.417236,+44.179359
313.418152,+43.968281
313.419586,+44.646591
313.424225,+44.450825
313.424377,+44.145142
313.427978,+44.063515
313.428162,+43.966862
313.428589,+44.360928
313.430115,+44.460224
313.430328,+43.571114
313.430908,+44.386856
313.432800,+44.473103
313.433685,+43.574589
313.433899,+44.458916
313.437775,+44.421677
313.438812,+44.159664
313.443359,+44.454113
313.455841,+45.243565
313.458893,+44.812813
313.463196,+44.503765
313.467621,+45.203899
313.473297,+44.355019
313.477661,+43.872429
313.478058,+44.328354
313.479248,+44.686619
313.479919,+44.965275
313.482300,+42.758575
313.482605,+43.237461
313.483887,+44.187237
313.487152,+44.858879
313.489654,+43.946522
313.491974,+44.315479
313.492676,+44.429401
313.495056,+44.509377
313.498627,+44.747169
313.500122,+44.326088
313.504608,+44.491859
313.504883,+44.887459
313.505402,+44.314415
313.511993,+44.271545
313.512329,+44.338638
313.516052,+44.029919
313.516418,+43.236305
313.520599,+44.328919
313.522095,+44.608139
313.524353,+44.722076
313.527771,+44.470264
313.534393,+44.670956
313.536499,+44.503189
313.541229,+44.555195
313.541473,+44.166824
313.541596,+42.877087
313.544678,+44.545841
313.545319,+44.196796
313.546814,+44.952755
313.548370,+44.498905
313.550415,+44.256195
313.557251,+44.409016
313.563110,+44.131428
313.565552,+44.466652
313.566925,+44.402862
313.566956,+43.441624
313.573852,+44.811184
313.582794,+44.772140
313.590759,+44.347412
313.593780,+44.621426
313.596832,+44.154377
313.601471,+44.913746
313.601715,+44.804833
313.603272,+44.800095
313.604858,+44.259262
313.604889,+44.218800
313.607696,+43.619545
313.609833,+44.390972
313.611969,+44.225948
313.612060,+44.798077
313.614014,+44.212757
313.614624,+44.795990
313.616516,+44.417957
313.618652,+44.912682
313.622101,+44.189133
313.623077,+44.757549
313.624023,+44.908142
313.628265,+44.603142
313.629364,+44.630318
313.631470,+44.909504
313.632080,+44.347435
313.637207,+44.217728
313.639099,+44.149960
313.639587,+44.235985
313.641510,+44.240837
313.652252,+44.150585
313.665558,+44.164524
313.665710,+43.870998
313.665955,+42.905510
313.666656,+43.498871
313.667053,+43.726978
313.667755,+44.402500
313.670471,+42.715870
313.670807,+44.365147
313.678803,+44.175396
313.679199,+44.326656
313.684692,+44.252811
313.688263,+43.890930
313.688812,+43.018032
313.689484,+43.559044
313.690002,+44.526997
313.690552,+44.916672
313.691315,+43.742508
313.694244,+44.201607
313.694702,+43.710403
313.695465,+44.805450
313.698090,+44.814106
313.700836,+44.563938
313.701599,+44.004150
313.708313,+44.365727
313.709137,+44.661083
313.709167,+44.965454
313.711609,+42.917145
313.713257,+44.192985
313.713562,+44.541443
313.713654,+43.106300
313.714020,+45.251808
313.726349,+44.728611
313.729034,+44.218613
313.729797,+44.741848
313.729950,+44.234516
313.732056,+44.216621
313.737213,+44.656723
313.738953,+44.965157
313.743683,+44.232952
313.743744,+44.885647
313.745087,+44.731937
313.752380,+44.176399
313.755829,+43.642864
313.757507,+43.134747
313.762573,+44.181110
313.762970,+44.001987
313.765045,+44.354599
313.766541,+44.740646
313.767029,+44.759422
313.768982,+44.596512
313.792847,+45.050758
313.793457,+43.720470
313.808533,+44.673401
313.810242,+43.887333
313.822479,+44.151211
313.822540,+44.169621
313.825928,+44.140560
313.837769,+43.872238
313.839081,+43.965843
313.839661,+44.007740
313.841156,+43.822235
313.849029,+44.038952
313.854004,+43.994450
313.855011,+44.776993
313.855743,+43.997105
313.857880,+44.779823
313.863831,+44.032620
313.866974,+44.791130
313.868072,+44.027008
313.870026,+44.201714
313.870270,+44.013348
313.870972,+44.373657
313.871155,+43.987179
313.878052,+44.130527
313.880341,+44.804127
313.882782,+44.783497
313.884857,+43.489033
313.888458,+42.808197
313.892578,+43.750275
313.892944,+43.443646
313.895966,+43.664414
313.899689,+44.790741
313.901306,+45.288364
313.907959,+44.922321
313.908051,+44.118279
313.915100,+43.456310
313.917999,+43.485805
313.921509,+43.683369
313.922241,+43.642284
313.924347,+43.993008
313.927094,+44.236828
313.929077,+44.093948
313.930145,+44.128521
313.930450,+44.053909
313.933807,+44.205753
313.935242,+44.077339
313.935425,+44.086243
313.939667,+43.066814
313.947754,+43.479103
313.949493,+44.048111
313.949677,+44.912109
313.950348,+43.843399
313.954468,+43.481644
313.962891,+44.010773
313.966797,+43.554123
313.967651,+43.549171
313.967682,+43.829121
313.972717,+43.838421
313.976868,+43.823921
313.987854,+44.259956
313.995850,+43.814236
313.999847,+43.649139
314.001556,+43.553188
314.006165,+43.595474
314.006775,+43.897846
314.006988,+43.614655
314.008606,+43.621723
314.010315,+43.775787
314.014435,+43.608387
314.016022,+43.624081
314.020172,+44.582321
314.022217,+43.797451
314.023071,+43.602825
314.027283,+43.572071
314.028076,+43.623920
314.028686,+43.734409
314.028809,+43.641762
314.034729,+43.615048
314.038940,+43.884548
314.041901,+43.884678
314.042572,+43.600357
314.043823,+43.160652
314.045746,+43.619240
314.047302,+43.602779
314.048218,+43.612045
314.048676,+44.181969
314.049042,+43.775063
314.051575,+44.238415
314.052704,+43.758884
314.054352,+44.577446
314.059998,+43.601257
314.060333,+43.633755
314.061890,+43.641930
314.068909,+43.599495
314.070862,+43.647831
314.076202,+43.638573
314.078064,+43.573589
314.078308,+43.652180
314.078522,+43.654579
314.079498,+43.630783
314.081177,+43.643734
314.081604,+43.760723
314.083435,+44.707455
314.089813,+44.753727
314.091675,+44.593658
314.092499,+43.653996
314.092834,+43.632702
314.098267,+43.627953
314.100678,+43.737949
314.102081,+44.939510
314.102570,+44.655922
314.103973,+43.724682
314.108185,+43.655148
314.109436,+44.237011
314.110382,+43.726902
314.112488,+45.068573
314.113312,+43.766159
314.113434,+43.759075
314.122925,+43.248234
314.125397,+43.852425
314.125977,+43.899818
314.126068,+43.923691
314.131165,+43.746353
314.132660,+43.903477
314.137970,+44.636200
314.138580,+44.606201
314.145660,+43.637730
314.146698,+43.648914
314.148590,+43.771618
314.148682,+43.220032
314.149322,+43.886970
314.149750,+43.369808
314.150818,+43.359058
314.153686,+43.640881
314.154724,+44.669235
314.155975,+43.886887
314.161957,+43.855679
314.162842,+43.898666
314.164551,+44.639347
314.164703,+43.739304
314.166260,+43.995933
314.167206,+44.023876
314.169159,+43.640850
314.171051,+42.989399
314.174225,+43.788269
314.175720,+44.055267
314.180359,+43.656479
314.180572,+43.807308
314.180878,+43.719471
314.184753,+43.624363
314.185852,+43.750317
314.186920,+43.655285
314.189606,+43.781025
314.191315,+45.321060
314.191864,+43.722546
314.192108,+43.583675
314.192932,+43.688065
314.193695,+43.755054
314.194550,+43.767227
314.194550,+43.708145
314.194855,+43.769161
314.195648,+43.743381
314.195801,+43.758369
314.195831,+44.732159
314.197998,+43.718857
314.198364,+43.691063
314.199002,+43.729876
314.199341,+44.643608
314.199402,+43.587776
314.201080,+43.564438
314.201202,+43.723103
314.201477,+43.556530
314.201965,+43.561008
314.203430,+43.749851
314.203462,+43.753509
314.203620,+43.779474
314.203766,+43.764248
314.204529,+43.722858
314.205810,+43.807709
314.205963,+43.757958
314.206940,+43.556339
314.208435,+43.770729
314.209045,+43.777042
314.210358,+43.561321
314.211639,+45.088009
314.212769,+43.734806
314.214233,+43.775551
314.214447,+44.592060
314.214874,+43.380589
314.215454,+43.765518
314.215485,+43.767269
314.216318,+43.742136
314.216339,+43.558781
314.216400,+43.794361
314.217438,+44.097717
314.217987,+43.760666
314.219269,+43.779541
314.220154,+43.778568
314.220489,+43.640190
314.221924,+43.734692
314.222107,+43.728905
314.223602,+43.787045
314.224152,+43.630505
314.224579,+43.765537
314.224853,+43.741428
314.225098,+44.608837
314.225769,+43.744541
314.226410,+43.732529
314.227142,+44.220417
314.227356,+43.791908
314.228088,+43.723488
314.230713,+43.760166
314.230774,+43.596798
314.232605,+43.793041
314.234192,+43.796921
314.234283,+43.736237
314.235230,+43.720505
314.235596,+43.713543
314.237732,+43.803593
314.239563,+44.822617
314.241547,+43.816166
314.243530,+43.719883
314.243591,+43.848194
314.245178,+43.778660
314.246063,+43.718162
314.247467,+43.774948
314.249176,+43.757244
314.250183,+43.553703
314.252167,+43.758480
314.252899,+43.736359
314.253815,+43.716480
314.254456,+43.802040
314.256775,+43.723690
314.257660,+43.794025
314.258179,+43.981136
314.258362,+44.490730
314.258942,+43.575352
314.259277,+43.708427
314.261108,+43.804691
314.263092,+43.656017
314.263886,+43.695766
314.264038,+43.579498
314.264374,+43.672375
314.265839,+43.806950
314.266510,+43.629814
314.267029,+44.630779
314.267120,+43.567837
314.268860,+43.814770
314.270172,+43.736340
314.271423,+43.791107
314.271759,+43.574989
314.272003,+43.829666
314.272583,+43.804955
314.273132,+43.679119
314.273865,+43.797642
314.274200,+43.810871
314.274445,+43.819599
314.274567,+43.565983
314.276520,+43.708279
314.276520,+43.684517
314.277130,+44.951626
314.278931,+43.857284
314.279022,+43.823315
314.279419,+43.805443
314.280518,+43.618000
314.281250,+43.711811
314.281433,+43.590668
314.282654,+43.698814
314.283203,+43.690956
314.287048,+43.750900
314.287262,+43.817329
314.287323,+43.628006
314.288055,+43.765846
314.292969,+43.685692
314.292999,+43.823990
314.293793,+43.532471
314.294525,+43.815391
314.295624,+43.862942
314.295715,+43.634819
314.295990,+43.685356
314.297180,+43.807182
314.298767,+43.801239
314.302063,+43.682411
314.303253,+43.701023
314.303375,+43.820133
314.304077,+43.778770
314.304321,+43.788582
314.304718,+43.905659
314.304779,+43.693943
314.305664,+43.826164
314.310638,+43.821571
314.313171,+43.642826
314.315308,+44.600357
314.315491,+43.793247
314.315796,+43.824951
314.316101,+43.967964
314.317566,+43.801418
314.318176,+43.865673
314.320099,+43.784851
314.322968,+43.829399
314.323456,+43.808178
314.326477,+43.825775
314.327148,+43.788723
314.327698,+43.811756
314.330170,+43.814804
314.330902,+43.873062
314.331665,+43.459923
314.336365,+43.813938
314.338715,+43.806057
314.339752,+43.984558
314.343262,+44.852608
314.345184,+43.827152
314.345184,+44.237999
314.346924,+43.876911
314.351044,+43.684227
314.353516,+44.329765
314.355743,+43.785747
314.361206,+43.591679
314.372681,+43.797794
314.374329,+43.789352
314.379883,+44.043705
314.392883,+44.094032
314.393799,+43.998535
314.401947,+44.082123
314.405426,+44.112171
314.409882,+44.116303
314.412546,+43.869117
314.418121,+44.179604
314.418579,+43.779785
314.422882,+43.782993
314.424947,+43.859447
314.428742,+43.710545
314.431847,+43.867397
314.439209,+45.309483
314.439352,+43.812539
314.439667,+43.889664
314.440918,+43.733807
314.442720,+43.890933
314.443817,+44.119915
314.445007,+43.840733
314.447388,+43.890236
314.448852,+43.877773
314.451386,+44.525017
314.456177,+43.877560
314.458344,+44.135628
314.462128,+43.812916
314.462189,+43.844521
314.466492,+43.897018
314.467011,+43.853172
314.467406,+43.897424
314.472848,+43.892438
314.473358,+43.868408
314.478424,+43.892525
314.479645,+43.249161
314.480164,+43.896126
314.480194,+43.900185
314.480957,+44.090271
314.484924,+43.860992
314.488373,+43.891167
314.488739,+43.855629
314.493378,+43.891163
314.493988,+43.894718
314.498627,+43.898933
314.499359,+43.890713
314.502411,+44.832226
314.504608,+43.828686
314.505676,+43.755718
314.507843,+43.897114
314.512787,+43.846718
314.513580,+43.351379
314.518494,+43.842300
314.524658,+43.897106
314.524780,+43.875347
314.525177,+43.825886
314.525421,+43.883736
314.528046,+43.920734
314.531250,+43.664627
314.531799,+43.881477
314.536255,+43.834786
314.536316,+43.792053
314.536957,+43.783440
314.539703,+44.184044
314.541687,+43.760029
314.544891,+43.885822
314.545593,+44.136429
314.547668,+43.882641
314.548737,+43.896080
314.551392,+44.349499
314.554230,+43.888519
314.554718,+43.832420
314.556213,+43.826862
314.556854,+43.819626
314.557556,+43.900791
314.568329,+43.889122
314.568726,+43.833920
314.569041,+43.898053
314.569244,+43.810104
314.569275,+43.863079
314.569916,+43.893223
314.570984,+43.895355
314.571106,+43.887825
314.571167,+43.871441
314.571258,+43.851189
314.571991,+43.836422
314.572540,+43.815640
314.573181,+44.020359
314.573608,+43.891972
314.574585,+43.895515
314.575928,+43.437145
314.576097,+43.808220
314.576386,+44.830418
314.576538,+43.889793
314.577118,+43.896206
314.577179,+43.813900
314.581757,+43.898529
314.583466,+43.847855
314.584015,+45.309006
314.584228,+43.783203
314.585541,+45.197052
314.589447,+43.959717
314.589844,+43.895817
314.590392,+43.835124
314.590607,+44.523975
314.596527,+43.820858
314.598816,+43.428738
314.599152,+43.886475
314.599182,+43.856319
314.599945,+43.898502
314.601044,+43.944046
314.601288,+43.824112
314.601410,+44.028854
314.606476,+43.891281
314.611877,+44.301659
314.612579,+43.889023
314.614227,+43.899571
314.614227,+43.883404
314.622559,+43.920147
314.626404,+44.798187
314.626953,+43.902679
314.629120,+43.004429
314.630127,+44.970356
314.639923,+44.059830
314.641449,+43.910019
314.645081,+43.914356
314.648804,+44.283218
314.652313,+45.083988
314.664887,+44.307720
314.665558,+44.025799
314.665710,+43.174412
314.665772,+44.271225
314.675262,+45.023640
314.683014,+44.231289
314.686645,+43.720898
314.690216,+44.600021
314.690491,+44.202091
314.691010,+44.477104
314.692932,+43.036633
314.695618,+43.864445
314.697510,+44.026302
314.703491,+44.545059
314.704651,+44.271141
314.726868,+43.133305
314.731659,+44.285389
314.738831,+44.464283
314.761993,+44.738323
314.774262,+43.950886
314.774933,+44.448872
314.777893,+44.306591
314.795471,+45.237724
314.799744,+44.282638
314.805817,+44.231937
314.808411,+44.269978
314.811859,+44.207859
314.821686,+44.296230
314.822571,+45.111828
314.841278,+45.010407
314.859711,+44.715076
314.873383,+44.179810
314.873596,+44.284458
314.879700,+44.189144
314.887207,+44.163075
314.887940,+44.669170
314.894012,+44.327602
314.909607,+44.168675
314.911011,+44.176937
314.911560,+45.287888
314.913178,+43.898022
314.931335,+45.235130
314.932098,+44.315716
314.934296,+43.563408
314.941254,+44.179016
314.964752,+43.725132
314.974121,+43.718586
314.994690,+45.282391
315.010895,+43.609406
315.034424,+43.250885
315.036377,+44.009186
315.053223,+45.226292
315.096191,+44.910126
315.112244,+44.119766
315.113617,+44.707027
315.147949,+45.130283
315.156799,+45.256454
315.161285,+45.293446
315.161529,+44.270977
315.161865,+44.264916
315.201874,+45.197041
315.206940,+43.852207
315.218780,+44.527012
315.243195,+44.938320
315.291931,+43.532562
315.414825,+43.886150
315.419098,+44.990944
315.419098,+44.328972
315.437470,+45.155521
315.510284,+43.512894
315.520691,+44.902931
315.521332,+43.971592
315.530487,+43.481869
315.570190,+43.544445
315.585999,+44.506386
315.590576,+43.821464
311.822968,+43.797180
311.843170,+43.836414
311.848297,+43.744324
311.855011,+43.808903
311.858368,+43.819164
311.862640,+43.820198
311.866211,+43.839642
311.876679,+43.770054
311.892456,+43.789978
311.897247,+43.746121
311.906769,+43.727150
311.908478,+43.824474
311.911163,+43.738785
311.914551,+43.763359
311.920837,+43.721836
311.921936,+43.728104
311.935516,+43.702770
311.939697,+43.707844
311.942444,+43.715076
311.942444,+43.720612
311.943726,+43.739052
311.949249,+43.703110
311.954681,+43.730351
311.961822,+43.735989
311.969055,+43.753799
311.970245,+43.739487
311.972626,+44.133118
311.975525,+43.734181
311.975647,+44.336441
311.987640,+43.763779
312.017578,+43.753933
312.021393,+44.151295
312.023438,+43.751877
312.026977,+43.747528
312.027435,+43.826611
312.032227,+44.345245
312.070984,+44.705658
312.076782,+43.942833
312.112396,+44.769959
312.113068,+43.844429
312.118591,+43.866978
312.120819,+44.735512
312.128510,+44.777840
312.134033,+45.108139
312.140808,+43.782368
312.151428,+44.115208
312.155792,+43.732067
312.166687,+42.876312
312.176086,+43.826099
312.176697,+43.268837
312.181732,+44.753952
312.187256,+44.363575
312.188080,+44.769108
312.199127,+44.878315
312.199219,+43.605862
312.199738,+44.696404
312.214600,+44.742100
312.220245,+42.929142
312.223846,+42.926899
312.226135,+43.938126
312.230804,+44.896210
312.238464,+44.266510
312.240234,+42.916390
312.241638,+44.889820
312.244751,+45.221149
312.245209,+43.759327
312.248688,+45.208199
312.253357,+45.282673
312.268219,+43.640217
312.268768,+43.688030
312.278351,+44.555153
312.288666,+45.153126
312.300568,+45.285824
312.302429,+45.234318
312.303467,+45.262882
312.305695,+43.842079
312.309753,+43.393120
312.310303,+44.247211
312.314545,+44.548931
312.315277,+44.641438
312.315643,+43.892288
312.320465,+42.913864
312.322418,+43.966167
312.322937,+44.546677
312.327911,+44.754128
312.331329,+43.668087
312.331482,+45.278461
312.335113,+45.289837
312.340546,+43.045532
312.343964,+42.866215
312.358612,+44.591610
312.359924,+42.847206
312.364441,+43.556595
312.370270,+45.261761
312.377655,+42.838886
312.387573,+44.198406
312.391754,+44.099731
312.399597,+44.512531
312.406342,+44.120380
312.411469,+44.149296
312.411865,+42.874821
312.414520,+45.042599
312.419311,+42.975952
312.446411,+44.032970
312.467468,+44.247925
312.467743,+44.774063
312.473785,+44.279911
312.479706,+44.774303
312.482819,+44.069847
312.487854,+44.266338
312.494629,+44.096428
312.517242,+44.891632
312.518555,+43.670601
312.521698,+44.300209
312.524475,+45.229294
312.527039,+45.187332
312.527710,+44.565121
312.536926,+44.974072
312.538147,+44.496372
312.538940,+44.895691
312.542481,+45.078426
312.542816,+42.878033
312.545837,+42.879936
312.546112,+44.942799
312.549744,+44.994381
312.559052,+44.722950
312.563660,+45.312794
312.564911,+44.881084
312.566284,+43.304359
312.572540,+44.523807
312.579590,+44.409138
312.579895,+44.832069
312.591766,+42.858795
312.593109,+44.070892
312.598236,+44.857269
312.598633,+44.919468
312.599915,+45.029610
312.602112,+42.856136
312.604156,+44.191624
312.604675,+44.976818
312.606476,+43.767689
312.620911,+44.909187
312.628174,+44.308876
312.628815,+44.917622
312.630005,+44.918766
312.632019,+43.684410
312.641815,+44.370201
312.641876,+44.931683
312.650696,+44.320370
312.652954,+43.878883
312.653992,+43.591175
312.654053,+44.347179
312.661743,+44.725258
312.662994,+44.510590
312.672760,+44.419930
312.676758,+44.899727
312.677856,+43.743279
312.678284,+44.365505
312.682495,+44.376408
312.688446,+44.253929
312.693329,+44.520103
312.693787,+44.413193
312.700409,+44.560211
312.701050,+45.008858
312.702209,+44.559292
312.702393,+44.955971
312.705933,+44.557804
312.709503,+44.405880
312.709656,+44.558754
312.710571,+44.418602
312.711822,+43.056458
312.712097,+44.427998
312.712982,+45.020741
312.721039,+44.838844
312.721527,+44.843468
312.721863,+44.413883
312.724304,+44.296986
312.724365,+44.361061
312.725861,+44.635628
312.726257,+44.297936
312.731567,+44.406769
312.731628,+44.966743
312.734283,+45.069752
312.738892,+44.394959
312.739044,+44.405117
312.739441,+44.412739
312.756042,+44.259567
312.759125,+43.326443
312.760712,+44.499790
312.764099,+45.201675
312.774597,+44.396458
312.778076,+44.607651
312.780121,+44.721058
312.782043,+44.688423
312.794678,+43.103962
312.796112,+44.290222
312.799835,+44.653988
312.807556,+44.531410
312.808227,+45.045288
312.809845,+45.310513
312.811676,+44.172958
312.816956,+44.250000
312.826508,+44.848240
312.826874,+44.554645
312.829224,+44.405468
312.838654,+44.586697
312.848572,+44.526882
312.848938,+44.232792
312.849701,+43.605492
312.851013,+43.596634
312.855316,+44.071995
312.855743,+43.393803
312.856720,+44.586197
312.859253,+44.509514
312.859467,+44.283211
312.864777,+44.875427
312.865356,+45.059196
312.868012,+44.186123
312.870789,+44.494217
312.877258,+45.121101
312.878143,+45.062286
312.881836,+44.216999
312.885651,+44.215427
312.895416,+44.377205
312.900238,+45.027229
312.907959,+44.729221
312.908905,+44.263523
312.911316,+43.095383
312.912292,+44.860054
312.917481,+44.826527
312.917938,+44.262859
312.919250,+44.407116
312.930023,+45.080143
312.942261,+44.385807
312.946899,+45.136581
312.947571,+44.535626
312.949707,+44.644661
312.950897,+44.657520
312.956177,+45.125877
312.956329,+45.107216
312.963562,+44.253422
312.963867,+43.348545
312.972168,+44.547111
312.975098,+44.300579
312.976593,+45.102016
312.977722,+44.935207
312.985077,+44.555168
312.995300,+44.471954
313.006683,+44.186237
313.009613,+45.334099
313.009918,+45.098862
313.014496,+44.529236
313.015015,+43.544067
313.015686,+44.885418
313.016907,+45.218368
313.017120,+44.344383
313.017456,+44.349896
313.020538,+43.904644
313.022003,+43.255032
313.023193,+44.941067
313.024719,+43.236454
313.025513,+44.656364
313.030304,+44.407044
313.033508,+45.344097
313.036835,+43.616428
313.039581,+43.285366
313.043488,+43.279949
313.046722,+45.131973
313.047058,+43.983414
313.050873,+44.438503
313.051910,+44.518829
313.052124,+44.608295
313.053619,+44.235844
313.059082,+44.675865
313.060852,+44.029415
313.063355,+44.614864
313.070526,+44.141213
313.072632,+43.420776
313.073212,+44.673901
313.075928,+44.565987
313.080139,+43.243404
313.082489,+44.146477
313.087433,+43.913757
313.088135,+45.197460
313.092804,+44.524326
313.102631,+43.267250
313.106415,+44.481903
313.106537,+44.486626
313.108002,+44.422741
313.112152,+45.153503
313.119568,+44.641029
313.120819,+43.232552
313.123383,+44.571819
313.127350,+43.145328
313.128296,+44.509823
313.133820,+44.473366
313.134155,+44.754482
313.134552,+44.148823
313.137817,+44.304791
313.141357,+44.079094
313.142731,+44.187019
313.143677,+44.219811
313.148590,+43.249184
313.150085,+45.325333
313.153503,+43.501862
313.171814,+44.364849
313.173187,+44.622135
313.173279,+44.324234
313.177612,+44.178749
313.183533,+43.220821
313.184296,+44.297298
313.188965,+44.232910
313.190460,+44.533642
313.192017,+44.652748
313.192169,+44.178463
313.194763,+43.514462
313.195831,+44.472343
313.198486,+44.643749
313.200806,+44.809959
313.203125,+43.517494
313.203217,+43.507027
313.204010,+44.676262
313.204468,+43.515678
313.204529,+44.255577
313.211578,+43.287975
313.214081,+44.343254
313.214203,+44.148556
313.219788,+44.559094
313.221741,+43.958721
313.228851,+44.826611
313.230102,+43.993744
313.230621,+44.282627
313.231720,+43.945454
313.234802,+44.477459
313.244232,+43.140442
313.244263,+45.018356
313.250946,+44.680466
313.252350,+44.609901
313.257690,+44.438644
313.258697,+44.770672
313.261841,+44.614883
313.264618,+44.539162
313.264954,+44.452011
313.265137,+44.593723
313.269318,+44.663075
313.271912,+44.241470
313.280823,+44.243866
313.284821,+44.286270
313.286072,+44.547657
313.288361,+44.354504
313.295593,+44.146744
313.295685,+44.048798
313.296387,+45.215000
313.299133,+44.614487
313.300476,+44.391953
313.302094,+44.590179
313.302582,+44.296429
313.310577,+44.476593
313.312103,+44.576279
313.313660,+43.709122
313.315613,+44.492489
313.316132,+44.496559
313.319488,+44.681725
313.324554,+44.301216
313.326355,+43.664516
313.336456,+44.466904
313.338257,+44.587860
313.338318,+44.889286
313.344116,+44.477512
313.351166,+44.511417
313.353851,+44.480381
313.361908,+44.398609
313.367889,+44.956673
313.368500,+43.948322
313.369385,+43.420204
313.370392,+44.354786
313.371094,+44.504929
313.372192,+44.458241
313.372498,+44.673023
313.375122,+44.522972
313.376099,+44.486824
313.377777,+44.428516
313.382019,+43.954803
313.382202,+45.259815
313.382263,+45.024574
313.383301,+44.786823
313.383575,+44.485001
313.385101,+44.550827
313.385742,+44.475780
313.386352,+44.698494
313.387268,+44.449577
313.388031,+44.436047
313.390381,+44.785885
313.394287,+44.481049
313.395904,+43.936077
313.397430,+45.074810
313.397858,+44.582222
313.398773,+44.372845
313.399017,+44.477989
313.399200,+44.513210
313.406372,+44.836906
313.409515,+44.247406
313.410644,+44.428749
313.411438,+44.441639
313.411529,+44.376820
313.416779,+44.582020
313.420715,+44.442646
313.422760,+44.528538
313.424744,+43.955795
313.424866,+44.232616
313.427521,+43.898228
313.430542,+44.593342
313.431854,+45.026874
313.432190,+44.676556
313.435669,+43.627438
313.437042,+44.020870
313.437408,+44.070476
313.441254,+44.087349
313.442749,+44.270641
313.443634,+43.805531
313.445801,+44.144909
313.446594,+44.445156
313.447876,+44.306427
313.448700,+44.487827
313.448822,+43.880669
313.450348,+43.827477
313.453064,+45.240215
313.453613,+44.814289
313.455872,+43.936241
313.456299,+43.938183
313.457245,+45.247555
313.457611,+44.362083
313.461060,+44.211822
313.462036,+43.866219
313.462708,+44.834965
313.464233,+44.338284
313.465210,+44.422909
313.467285,+43.980274
313.472015,+44.141182
313.472290,+43.206692
313.477661,+44.581028
313.479004,+44.320011
313.481384,+43.771614
313.482666,+44.802811
313.483917,+43.739323
313.489685,+44.342445
313.489838,+44.660587
313.489868,+44.447849
313.493103,+44.506714
313.493927,+44.426651
313.494537,+44.582741
313.496796,+43.956650
313.497620,+43.960613
313.498108,+44.586388
313.499237,+44.464600
313.502472,+45.034248
313.503632,+44.248749
313.506805,+44.223091
313.508911,+44.402359
313.509338,+44.179424
313.509705,+44.286255
313.510071,+44.138203
313.517304,+44.325760
313.523743,+44.557617
313.524048,+44.260242
313.529175,+44.082649
313.529663,+45.161335
313.530334,+44.397869
313.530609,+44.336613
313.530762,+44.896526
313.531342,+44.382401
313.532959,+44.932651
313.537964,+43.892788
313.538330,+44.586067
313.538696,+44.934620
313.539001,+44.060352
313.542297,+44.517513
313.542816,+44.358902
313.543518,+44.863312
313.544708,+44.363602
313.545837,+43.916344
313.548218,+44.870525
313.548248,+43.819317
313.556915,+44.902065
313.558441,+44.160644
313.560669,+44.894268
313.567291,+43.922638
313.571411,+44.514812
313.571991,+44.872414
313.577087,+44.348515
313.578888,+44.325794
313.587189,+45.159740
313.587219,+44.532673
313.589081,+44.591854
313.590271,+44.167908
313.591248,+44.336941
313.594513,+44.156273
313.595154,+44.406925
313.596314,+44.473659
313.596588,+44.441429
313.598785,+44.420700
313.605621,+44.570167
313.608856,+44.872189
313.616242,+44.002724
313.616699,+44.359684
313.618530,+44.225582
313.623199,+44.162228
313.625275,+44.150524
313.628143,+44.743321
313.646179,+44.525631
313.646393,+44.598453
313.650482,+43.653923
313.658325,+43.764053
313.659637,+44.375805
313.659851,+44.398621
313.672272,+44.337463
313.672485,+44.290764
313.675110,+45.281506
313.677399,+44.176830
313.684448,+45.049801
313.690277,+44.728291
313.690460,+44.058025
313.700958,+43.183403
313.704132,+44.352001
313.708038,+43.563324
313.714539,+44.705852
313.716736,+43.836883
313.728302,+44.480839
313.736389,+43.923294
313.743713,+43.696320
313.760101,+44.414684
313.760468,+44.408318
313.764374,+43.535423
313.776337,+43.189655
313.780304,+44.288311
313.781738,+43.707031
313.783508,+43.742557
313.796509,+43.856850
313.804993,+44.238132
313.814880,+43.456741
313.817230,+44.171013
313.820892,+43.832523
313.830841,+44.686001
313.837158,+44.714489
313.837311,+43.739460
313.842163,+43.988651
313.848206,+44.073849
313.855300,+44.077200
313.856964,+44.040272
313.857819,+44.002159
313.861023,+43.998005
313.863922,+43.304775
313.868500,+43.985272
313.872650,+44.011833
313.872955,+44.021316
313.873261,+44.109116
313.876221,+43.997334
313.883362,+44.084656
313.889374,+43.987823
313.902588,+43.350834
313.911652,+44.948814
313.912689,+43.766911
313.916596,+42.956703
313.919647,+44.095444
313.920776,+44.122906
313.920837,+44.099953
313.921509,+44.112480
313.922119,+44.651978
313.924011,+44.106792
313.937378,+44.126274
313.940277,+43.563641
313.943909,+44.084091
313.945953,+44.099560
313.953674,+43.719601
313.957733,+44.023079
313.962433,+44.237213
313.963226,+44.249889
313.967041,+43.108868
313.970093,+44.427731
313.971100,+43.551529
313.972260,+42.857616
313.974915,+44.223827
313.975891,+44.225483
313.978119,+44.210403
313.987732,+44.341869
313.992035,+44.722065
313.994965,+43.590710
314.016571,+43.641575
314.033783,+43.482395
314.039276,+43.821716
314.043152,+43.772663
314.044373,+43.622658
314.048340,+44.391792
314.051392,+43.649326
314.054474,+44.573341
314.058990,+43.996868
314.059296,+44.214203
314.060211,+44.223434
314.063477,+43.636349
314.073639,+43.637512
314.075409,+43.648235
314.075684,+43.653694
314.077270,+43.891365
314.078705,+43.660542
314.088623,+43.610836
314.099548,+43.753231
314.103516,+43.651032
314.108643,+43.891811
314.112091,+43.629719
314.118133,+43.653870
314.128265,+43.700966
314.137360,+43.896835
314.141998,+44.252373
314.142944,+43.640175
314.147400,+44.096260
314.148132,+44.337475
314.148499,+42.811432
314.149567,+43.625915
314.157166,+44.538071
314.165222,+43.893944
314.173187,+43.749649
314.175354,+43.246265
314.186645,+44.008709
314.188904,+43.777458
314.189301,+43.653984
314.194000,+43.853741
314.199097,+44.193260
314.199524,+44.403870
314.200867,+44.191517
314.201813,+43.550671
314.202789,+43.933762
314.204193,+43.753704
314.205689,+43.760937
314.208618,+43.766506
314.212585,+43.557785
314.214172,+43.781971
314.216339,+42.811157
314.216949,+43.361023
314.217011,+43.742691
314.219391,+43.820198
314.220947,+43.821621
314.229523,+44.222633
314.229858,+43.745480
314.231384,+43.839768
314.234528,+43.777073
314.235657,+44.226501
314.237366,+44.291439
314.240051,+43.628685
314.242950,+43.951248
314.243286,+43.146259
314.243622,+43.763928
314.244995,+43.988773
314.247192,+43.798054
314.250122,+43.160679
314.251739,+43.702137
314.253601,+43.981934
314.256775,+43.694172
314.256958,+43.837223
314.258606,+43.646538
314.260895,+43.698700
314.266144,+43.819488
314.266968,+43.795170
314.268005,+43.741558
314.269440,+43.800743
314.271027,+43.571617
314.271240,+43.815876
314.274628,+43.627399
314.282532,+43.766949
314.283020,+44.313209
314.284576,+43.120308
314.286041,+43.605949
314.291473,+43.693062
314.292694,+43.584454
314.294586,+43.810669
314.296051,+42.925953
314.296692,+43.793636
314.299194,+43.715164
314.301453,+43.780853
314.306976,+43.674992
314.307587,+43.800140
314.309845,+43.630886
314.310516,+43.789036
314.312134,+43.915234
314.316437,+43.804157
314.318146,+43.690193
314.327301,+44.460308
314.332214,+43.999920
314.333710,+43.838226
314.336151,+44.499382
314.364532,+43.900066
314.379578,+44.036762
314.390137,+44.032497
314.399841,+44.111633
314.416016,+45.324947
314.424072,+43.831768
314.431152,+44.158249
314.446289,+44.555115
314.448517,+45.317467
314.459442,+44.377705
314.460541,+43.842362
314.461090,+44.094528
314.464356,+42.962215
314.464661,+43.848885
314.467316,+43.814034
314.470429,+43.891262
314.474365,+43.852936
314.475769,+43.905281
314.478302,+43.844341
314.478607,+45.108948
314.479248,+43.901733
314.488678,+43.515961
314.493012,+43.866821
314.494049,+43.687626
314.508392,+43.835934
314.509827,+43.838150
314.516327,+43.731277
314.519714,+43.889728
314.522705,+43.781506
314.533569,+43.832794
314.535126,+43.650070
314.535980,+43.901615
314.539398,+43.038254
314.541687,+45.261940
314.559509,+43.884632
314.567719,+43.893085
314.571716,+43.735943
314.572601,+43.946968
314.575806,+43.932682
314.581329,+43.895863
314.582153,+43.810726
314.583740,+43.888039
314.586639,+43.783947
314.590942,+43.205959
314.591461,+43.887051
314.597473,+43.824940
314.598572,+43.882210
314.613525,+43.915184
314.619324,+43.815605
314.626770,+43.899723
314.629211,+43.795773
314.629822,+43.899498
314.641235,+45.191761
314.641266,+43.754124
314.648560,+44.312538
314.654358,+45.035458
314.674866,+44.273754
314.679718,+43.766983
314.683838,+43.969528
314.685516,+43.713894
314.692108,+43.723816
314.704010,+44.486179
314.721771,+43.975800
314.726532,+45.108833
314.729126,+44.363953
314.764465,+44.219883
314.801178,+44.267983
314.805542,+44.284329
314.809113,+44.217819
314.812073,+45.256119
314.815064,+44.221535
314.831879,+43.766777
314.834167,+44.284740
314.834961,+44.118305
314.840485,+44.235001
314.859863,+45.253120
314.864929,+44.275124
314.870850,+43.263901
314.881531,+44.595661
314.886231,+44.143181
314.906067,+45.260696
314.912292,+45.022766
314.932068,+44.878750
314.932221,+44.390415
314.942505,+43.319683
314.944977,+42.993336
314.972717,+44.810604
314.992096,+44.791428
314.996185,+44.402607
315.004211,+43.036350
315.092438,+43.847355
315.118164,+43.005424
315.136719,+43.968742
315.156433,+44.568619
315.169586,+44.818882
315.194916,+42.924023
315.235870,+43.207027
315.266937,+44.744137
315.298370,+44.789284
315.306030,+43.690994
315.307617,+43.738087
315.352387,+43.803967
315.369751,+42.989799
315.428406,+44.916424
315.535461,+45.031746
315.601410,+44.705162
315.653809,+44.420200
